5 0.8789922480620155 0.0891472868217054 0.08201550387596895 0.16279069767441856
4 0.49149870801033585 0.8475452196382429 0.04160206718346252 0.10335917312661508
2 0.23232451110805294 0.6353656289417197 0.053453205510450914 0.14066633029065922
2 0.3601058055440881 0.5083864654526551 0.04360656239010439 0.07492011069828586
2 0.40828402366863875 0.48239377398590244 0.06118985367643679 0.1116156751219362
2 0.4423956087641238 0.4128250997660656 0.06048652202498357 0.07644909254927158
1 0.40969068697154554 0.6903353057199211 0.027429934406678597 0.05963029218843161
1 0.3966790514196596 0.6482883048178216 0.029539929361038587 0.039753528125621
0 0.4075806920171857 0.6054768129902297 0.01898995458923899 0.03669556442365021
0 0.4962004801003009 0.6169441768726209 0.1090164059752608 0.15748513065149913
2 0.5225754170297997 0.4586945552956283 0.07595981835695594 0.19876764062810548
