1 0.380129916764796 0.5470390297014615 0.02111996704620253 0.07569435897875187
2 0.4266509252584585 0.6692668060851839 0.051372892815087425 0.20102436318947234
2 0.46546599982985737 0.40619788635575 0.12215332291587394 0.1811701050966848
2 0.3318964785106306 0.4397019468873292 0.09018796738648659 0.18861545188148013
2 0.33161107355054653 0.5184985336930794 0.04166912417223754 0.093066834809941
2 0.21944692423760592 0.5761999712752424 0.08676310786548079 0.08189881463274798
2 0.18805237862838592 0.6332809632920068 0.053656132495757944 0.07941703237114965
1 0.43606928894122454 0.514775860300682 0.03253616544955534 0.040949407316373934
4 0.5431985153680773 0.28830884665963785 0.03500827641317379 0.0702507218993453
4 0.5869588608845445 0.2766003930097469 0.04039416509212359 0.09952185602407254
4 0.6145615403641622 0.20488611440416526 0.05116594245002311 0.09952185602407258
4 0.5677716324657858 0.10902315014568362 0.038374456837517314 0.09513118590536347
4 0.635431858995093 0.0709706757835382 0.04847299811054825 0.10683963955525431
4 0.22334405144694536 0.0594855305466238 0.04437299035369776 0.09967845659163987
