2 0.3446391307145681 0.4215661430814851 0.1792625414831907 0.29377473353432587
1 0.4862105737320622 0.6953562008651767 0.0432068689728716 0.14988506812975794
2 0.4875895163588563 0.23271095723799 0.10296104946726858 0.2238283684071051
1 0.3984178931595253 0.7113439414656839 0.03861039355022569 0.16187587358013864
1 0.34096195037645144 0.54647036652295 0.0468840493109883 0.07993870300253768
2 0.5670120151867549 0.21183756295672476 0.025740262366817104 0.08393563815266447
2 0.5950505152648949 0.328747916097936 0.035852508296638136 0.0699463651272205
2 0.5867768595041324 0.0879325733027914 0.028498147620404594 0.06794789755215698
2 0.5729874332361945 0.12490422344146505 0.026659557451346245 0.07394330027734732
2 0.5127736051995331 0.13889349646690913 0.033094623043050574 0.08193717057760105
