5 0.4764757892556202 0.021656959087832838 0.038571849606407305 0.02035232299820434
5 0.26773401491506255 0.16020931180637793 0.04084078193619597 0.017743050818947385
3 0.4810136539151976 0.30450206331928825 0.05445437591492798 0.02348344961331268
4 0.563829683952484 0.29302126573055753 0.052185443585139456 0.02661457622842107
3 0.5609935185402481 0.5842160409356353 0.04197524810109035 0.01930861412650151
3 0.1860524510426708 0.7441644255240873 0.04310971426598471 0.014611924203838953
3 0.17981288713575197 0.7201591214749231 0.03063058645214703 0.011480797588730668
5 0.1707371578165973 0.6682346051077097 0.044244180430878986 0.020352322998204216
4 0.3755083005800246 0.7107657416295985 0.05218544358513938 0.02087417743405581
4 0.3199194585002022 0.6911962002851709 0.04764757892556208 0.02452715848501555
4 0.4021682554550415 0.6844120926191031 0.02609272179256969 0.015133778639690405
4 0.4401728719790016 0.671365731722818 0.036302917276618774 0.015133778639690405
4 0.2127124059176876 0.6917180547210227 0.04197524810109039 0.019308614126501585
4 0.1665816655717237 0.6823786942280248 0.04647335222598542 0.01282664521437198
3 0.18852741523399466 0.7069630975555711 0.04802246396685167 0.01591454128449854
5 0.11070197060719518 0.6653244958339272 0.03679007877917513 0.015776084629036263
5 0.21109523642833414 0.6508391817654483 0.043025685351916663 0.01663659833607461
5 0.2790433941301842 0.6002083106592376 0.04053144272282005 0.01921813945718938
5 0.14778387577397464 0.6080963529737556 0.034919396807352655 0.017783949945458843
5 0.1038228494361469 0.5827111986161261 0.03304871483553039 0.013481381410267773
5 0.08542781004655918 0.5954754852705268 0.02494242629096617 0.012620867703228811
4 0.22167581366096192 0.6733519757574957 0.02057750169004713 0.01176035399619053
5 0.310533207322529 0.7218275812539886 0.04364924600919085 0.018070787847805008
5 0.2799787351160954 0.7344484489572176 0.03990788206554591 0.015202408824343792
4 0.12221788882573431 0.552306380967437 0.04240212469464248 0.018070787847805005
4 0.21388130544503503 0.554887922088552 0.04489636732373913 0.01807078784780494
5 0.26549294138557267 0.5607257353753172 0.026381412423137327 0.01169416063411063
5 0.29427266402899455 0.5510173756036001 0.031178032863707884 0.013018027875708695
5 0.2710090548922286 0.5399851485902907 0.027820398555308438 0.012135449714643087
5 0.2326360913676653 0.5389922481590926 0.028779722643422545 0.011914805174376965
3 0.6360774593510763 0.6025388296762013 0.04190233592563068 0.01978907651314465
3 0.5438923203146884 0.6060083430908435 0.040784940300947314 0.020560079494176264
5 0.48299425876943824 0.46722780650515416 0.03408056655284639 0.013364051671214554
5 0.5198683143839934 0.45245024936871503 0.0385501490515805 0.01670506458901812
5 0.49081602814222264 0.4275211529820264 0.040784940300947384 0.018761072538435782
5 0.5321613192076192 0.3751436178348008 0.043968526060030724 0.019617235612046785
5 0.5754686644246421 0.38791763172171506 0.03867907931596697 0.02022552198761417
5 0.544227869592515 0.39795435691857617 0.029091957092351208 0.01231779910523862
5 0.5848144556405599 0.4078560148179037 0.035042584679423 0.013990586638048868
5 0.35612423375572716 0.33646247762085907 0.0377444004832126 0.014713918832438893
5 0.48055280823004665 0.3439665762254029 0.04222254969308516 0.017362424222277822
5 0.16140109361178198 0.41138336951326787 0.05307629217246575 0.02004607750682183
5 0.10413456784675311 0.4239764182034507 0.04469582498733958 0.019018073532113034
5 0.16335653595497804 0.4305299435422195 0.04581322061202304 0.01978907651314465
5 0.1588869534562441 0.4531460309858133 0.037991451239238645 0.017219066576372555
5 0.19827514922633718 0.4658675801728347 0.04301973155031437 0.01439205564592328
5 0.18821858860418572 0.44929101608065525 0.028493588429428948 0.012079046702828507
3 0.040382191325624726 0.7620712559355056 0.02671673494547036 0.012430958972329051
5 0.5765024678998881 0.6758891114426444 0.04486584291839898 0.02085553287659465
5 0.5972824372515676 0.643954076725359 0.040143122611198755 0.01998655234006978
5 0.5122734717219699 0.6418902479511124 0.04014312261119883 0.019334816937676393
5 0.5233718644438896 0.6619854228582477 0.04155993870335884 0.014772669120921051
5 0.5120373357066099 0.6781701853510217 0.03211449808895907 0.013686443450265103
5 0.5880731326525278 0.7077155235928642 0.04628265901055869 0.01803134613288904
5 0.544860241841649 0.709127616964717 0.03447585824255917 0.011296746974822015
5 0.546985465979889 0.6970705120204356 0.038726306519038974 0.011079501840690967
5 0.5535972744099688 0.6882720840881223 0.02833632184319917 0.009993276170035016
5 0.616078864074223 0.6176279163349844 0.030697681996799134 0.012165727511346845
5 0.5530305479731045 0.641742126223547 0.0434490268262386 0.01607613992570825
5 0.5834920939545438 0.7253815028640567 0.0429767547955187 0.012600217779609296
5 0.5544473640652646 0.7320074794550581 0.025502689658879377 0.011513992108953203
5 0.5766441495091041 0.7351575338999605 0.02833632184319917 0.010427766438297396
5 0.3902385712673423 0.6300639227379528 0.03406875983842262 0.014600065113662524
5 0.3716026684497436 0.64151626739133 0.029409784134023054 0.010983535223122232
3 0.4304870808716022 0.4457754453930768 0.04026214391612328 0.02193227313325657
5 0.35723434144870814 0.4618775345344011 0.047528203351207 0.022218469046295965
5 0.34883296206139847 0.4887748988272784 0.04479553568817927 0.021249882242080034
5 0.45395581887725983 0.489777041314443 0.02333100817092678 0.011038899866015655
5 0.11260498624969514 0.2678006013398847 0.03937856100676962 0.016892960216162507
5 0.09756149103362587 0.25070411148256366 0.037608738040173215 0.01811413806311406
5 0.09888885825857313 0.24052762942463438 0.002212278708245492 0.0030529446173787633
5 0.13716127991122 0.2544694098439974 0.040705928231716836 0.016689430575003928
5 0.1705666884057268 0.24775293168576415 0.039378561006769584 0.015875312010369597
5 0.21053948000592768 0.15582693296038427 0.03037143040409667 0.014436553252080592
5 0.23753630703179138 0.17453235948592963 0.033071113106683044 0.01707549309385879
3 0.018890881228799485 0.6770630160643724 0.027391777781759254 0.014120933718527497
4 0.5868762782102135 0.4987056188547407 0.037172464734846714 0.015250757153377634
5 0.4829943315730545 0.04578350564798571 0.03546313241980869 0.014166588161386703
5 0.4797279904291248 0.06231119183627023 0.025197488824600923 0.011161554308971349
5 0.10786205740234112 0.009125755095442188 0.028674276149361654 0.013036792993488842
5 0.4969337691873649 0.19804449857611162 0.032963170928163026 0.011565044715474143
