0 0.25071294759898144 0.20038080420234775 0.2717224124815777 0.10373073128033877
2 0.27242272797766454 0.29863506830328973 0.20309149386509703 0.08246915281915111
1 0.3375520691137129 0.4017215093272287 0.0700315496086542 0.045100317947973284
1 0.24511042363028943 0.3427689508666636 0.11205047937384656 0.02126157846118737
1 0.2619179955363664 0.3830370918916397 0.11205047937384659 0.06056328410156404
1 0.5546498729005401 0.4175066206090187 0.08403785953038496 0.07280479897315725
0 0.6633631713554984 0.29687500000000017 0.2957161125319694 0.10477941176470612
5 0.9297444526331394 0.8401438581802181 0.14051109473372062 0.07539516629452246
5 0.867484150896663 0.8741636283375033 0.007995245630384033 0.005516719484964909
5 0.9697206807850595 0.7537152529157685 0.06055863842988117 0.07723407278950929
4 0.18588946090642786 0.6893535255911774 0.17989302668363977 0.09562313773939252
