2 0.02106574010378669 0.0735724351450853 0.04213148020757338 0.1471448702901706
2 0.18510224091196179 0.08483352215708816 0.05249168025861578 0.16366113124110815
2 0.23103246113825066 0.13438230500990078 0.04489420022118473 0.1696670443141764
2 0.06354256031306146 0.14113895721710246 0.10636472052403768 0.12612417453443195
1 0.4696100798502749 0.6411466938841757 0.03660604018035059 0.10510347877869329
1 0.5421314802075733 0.6351407808111076 0.040750120200767764 0.10510347877869329
2 0.6087821005359484 0.6809358679932559 0.12294104060570725 0.17867591392377544
2 0.4050838219957671 0.4624553066262511 0.1761234008677253 0.16516260950937572
1 0.5059231024925817 0.49398635025985876 0.015885640078265338 0.04204139151147743
2 0.6295548231016912 0.38437843667636484 0.16921660083369747 0.22221878370352208
