0 0.441608627263485 0.3135523931586151 0.08945718510066326 0.19460861320144388
1 0.42042139921332905 0.4623338167997204 0.03954949236029364 0.0477104987203542
1 0.4599708915736226 0.49435007251995805 0.030132946560223674 0.0740768269605499
1 0.5423656673242343 0.4077178511593149 0.04614107442034246 0.09416545800069898
1 0.47692067401374844 0.44098964631956195 0.020716400760153776 0.05022157760037288
1 0.4175964354733074 0.382607062359128 0.03766618320028046 0.028877407120215005
0 0.5207076119840724 0.24826434227813066 0.1082902767008018 0.16949782440125782
0 0.7534466911764697 0.05238970588235296 0.08685661764705895 0.10477941176470593
5 0.8605163727959703 0.6196473551637274 0.13413098236775842 0.17128463476070524
5 0.24748110831234255 0.48614609571788414 0.15491183879093193 0.17128463476070535
5 0.29093198992443325 0.2808564231738035 0.1511335012594458 0.198992443324937
5 0.7613350125944588 0.3060453400503777 0.10957178841309835 0.14357682619647347
5 0.7622795969773298 0.5793450881612091 0.10390428211586894 0.14105793450881607
4 0.9722921914357682 0.8853904282115869 0.055415617128463594 0.12846347607052905
4 0.8633501259445844 0.8211586901763224 0.10201511335012611 0.1158690176322419
