1 0.3708639705882352 0.35477941176470584 0.0661764705882353 0.11764705882352938
1 0.6190257352941176 0.5376838235294117 0.03860294117647051 0.0900735294117647
1 0.5537939297270464 0.5331005852366095 0.023969389309268934 0.06848396945505392
1 0.5221200938540841 0.5079897964364232 0.042802480909408656 0.07076676843688894
1 0.5156997217176728 0.4474956234177922 0.04194643129122056 0.034241984727526924
1 0.5794754182726917 0.4355109287631578 0.030817786254774333 0.07647376589147684
0 0.6663644545187914 0.32022958018048375 0.12583929387366197 0.13810933840102527
0 0.6150014774275008 0.32022958018048375 0.017977041981951557 0.0034241984727526285
2 0.5649225747634927 0.3019671883258028 0.08389286258244084 0.17463412211038734
5 0.9609571788413098 0.40680100755667503 0.07808564231738047 0.18387909319899248
5 0.9411209068010075 0.22040302267002518 0.11775818639798502 0.1889168765743073
5 0.7547229219143577 0.4105793450881613 0.14546599496221665 0.18639798488664977
5 0.8727959697732995 0.42443324937027704 0.08312342569269504 0.10831234256926947
4 0.778337531486146 0.6120906801007557 0.07556675062972289 0.08564231738035268
4 0.375121100561907 0.6107021603164897 0.06371752641855338 0.08048529652869915
3 0.379033580254274 0.47059812561838427 0.02906413485758577 0.04173311671858457
4 0.6489946790276184 0.6777732407570722 0.07042463446261159 0.050675927443995475
4 0.5740986392023014 0.6270973133130768 0.052539013011789495 0.06558061198634739
4 0.7065640230724517 0.5033884316115579 0.0603639723965243 0.07154248580328798
4 0.6344626115988254 0.6121926287707248 0.05701041837449531 0.07452342271175902
