3 0.5761093247588421 0.6382636655948554 0.12572347266881018 0.2604501607717041
4 0.650064308681672 0.36816720257234725 0.09318327974276536 0.2990353697749196
4 0.5309967845659164 0.37459807073954976 0.15086816720257232 0.3247588424437298
4 0.5006752411575555 0.08520900321543408 0.1789710610932474 0.17041800643086816
4 0.6337942122186496 0.08520900321543406 0.11389067524115766 0.17041800643086813
0 0.3294716413934816 0.3802363066670648 0.16278848532125795 0.29871192374284133
0 0.4401853155501436 0.4677569976999992 0.09189672558458113 0.24924370707205226
2 0.4646911090393652 0.304131357942774 0.07614300119865292 0.19597024296504872
0 0.3675431419928079 0.5724013021958995 0.08839589794326357 0.16933351091154683
5 0.6581993569131828 0.7700964630225083 0.06212218649517705 0.14469453376205754
5 0.4924284357359568 0.8001395072944989 0.05857153938357923 0.1317201035612717
5 0.472231353189895 0.5989004601869987 0.07472920542042862 0.15660056756729251
