2 0.22136232551128507 0.7099807657168552 0.08024384299784082 0.09650013877757586
2 0.4710866989787036 0.5673058293521598 0.07609329939450425 0.03527962062836096
2 0.6080546378888085 0.5673058293521577 0.10929764822119602 0.12659157990176487
0 0.6786138791455305 0.6866339579480839 0.1950755493568165 0.15357011332345355
1 0.5243520085548544 0.7852093685273267 0.06364166858449567 0.07886032846339375
1 0.46831966990981244 0.6944162272043428 0.05672409591226682 0.025940897520853667
2 0.5195097076842962 0.6830022322951654 0.07886032846339337 0.10065068238091199
3 0.8848862259602461 0.6441110904765995 0.07506583369037316 0.05343669516941816
4 0.6978577928672826 0.6049877957989898 0.05470899743535682 0.038169067978155766
5 0.7557475459674855 0.627889236585883 0.06361511329692632 0.040077521377063545
5 0.9460839649518894 0.8759031641338829 0.09923957674320505 0.0831131455224343
5 0.09000371220618829 0.8466930661164731 0.05532509415874408 0.029762583375973577
