2 0.23268198988402106 0.7014438521690839 0.0955882769253277 0.10282028471902045
2 0.48423008705593434 0.5566464787345002 0.09055731498188947 0.037732214575786696
0 0.7018191911096419 0.6755029546482298 0.19369203482237432 0.13017614028646596
0 0.7011903208667127 0.6137164532803783 0.006288702429297927 0.0009433053643947176
2 0.6250970214722067 0.5552315206879079 0.11822760567079887 0.12168639200691339
2 0.5276221338180909 0.674559649283835 0.07672216963743357 0.11131003299857191
1 0.5364263172191083 0.7830397661892234 0.06666024575055776 0.08301087206673192
1 0.47353929292612973 0.692482451207334 0.07169120769399569 0.024525939474261946
3 0.9176822931247609 0.6404354666976754 0.0799225636313945 0.05887153124633923
4 0.7242982329095119 0.5992253948252381 0.07278662045001993 0.04495644204265937
5 0.9556750565458839 0.8795829237179524 0.08864988690823239 0.08187265081314422
5 0.7896103601224648 0.6242290414357784 0.056764254941872705 0.0322969036738241
5 0.11266447939636262 0.8380498354349283 0.05096158370623142 0.03561519770378681
