2 0.3681429084412754 0.6370036366844039 0.03367778528989088 0.11912554855672411
1 0.4252239004580384 0.6450694290345986 0.025686446407543632 0.08313970576354722
2 0.37955910684462835 0.47258556185350886 0.04166912417223749 0.0508765363627677
1 0.4312174046197995 0.46265843280711505 0.031965355529387764 0.0558401008859645
1 0.4688908593508637 0.5253234349124754 0.025115636487375994 0.05211742749356695
2 0.3453105116345699 0.4701037795919104 0.02796968608821413 0.14022069778031068
1 0.34531051163457005 0.6115653685030206 0.018836727365532154 0.06824901219395656
1 0.5194017227589884 0.6721590192927499 0.0312560328739923 0.06195249482696681
1 0.4559703619264747 0.683150590955599 0.03125603287399215 0.05595709210177631
0 0.9298959796546117 0.14339117461950304 0.042131480207573443 0.08858721782775582
2 0.9499256997532942 0.08708573955948878 0.055945080275630235 0.09309165263255698
2 0.9709914398570814 0.15014782682670474 0.04144080020417167 0.07507391341335239
4 0.5790076694573579 0.37424569471789954 0.03658659998456578 0.0724346505905612
4 0.5831170899754896 0.45218768339781634 0.018942766264198566 0.06050927999211501
4 0.5469925114306586 0.08112032916614463 0.030036686863374146 0.06980039675896477
4 0.5120360224086277 0.03797918106127137 0.03987629118068445 0.0727725419983338
