0 0.38811888096261077 0.6702647593823756 0.051605399278230095 0.09680535979611875
2 0.3756337037178777 0.6327187553493014 0.0149822126936796 0.06333060921241412
2 0.44097279796531397 0.7317859226172914 0.025802699639115002 0.06423533220116198
2 0.3333921873731975 0.7417378754935288 0.04702750095516126 0.10766203566110405
5 0.8103442123300064 0.6548433445325007 0.06539854747241024 0.13700090972481396
5 0.8897142676715242 0.678107649957471 0.07431653121864934 0.1395858325498104
5 0.7720001262993279 0.44202180307439987 0.06480401522266135 0.14217075537480675
5 0.8807995280034313 0.2074400567059689 0.07431653121864926 0.15380290808729163
5 0.9637351548043717 0.2231258388422294 0.07252969039125688 0.14640062998486505
4 0.6854956839608205 0.3696439639744989 0.06420948297291294 0.12407629559983153
4 0.7291938043173869 0.2966198941683481 0.06480401522266234 0.14604813961230215
4 0.8611799637617081 0.9508864663250663 0.039833660733196156 0.08013260757489149
4 0.8388850043961134 0.8701076280439258 0.04042819298294532 0.07625522333739682
5 0.8807995280034304 0.05492961003117554 0.0755055957181478 0.10985922006235108
4 0.654594078743088 0.5552752121072764 0.04045633652139486 0.09636102838744343
4 0.06722787747163966 0.7811076259661909 0.030732743987035276 0.06193872769126216
4 0.06722787747163968 0.711165579528305 0.020488495991356853 0.041756445634558756
4 0.09091770096164596 0.7856312409099333 0.016646902992977396 0.03758080107110296
5 0.027531416488385762 0.5163754352103043 0.024970354489466152 0.043148327155710715
