1 0.06284760845383759 0.383276103883542 0.030033370411568408 0.09914397639889735
1 0.09232480533926585 0.3179861682062195 0.03559510567296997 0.04594476955070853
1 0.008898776418242492 0.3279005621563115 0.017797552836484983 0.09382406309367369
1 0.04004449388209121 0.35063113604488083 0.01779755283648499 0.08221695603810993
2 0.06113312312119065 0.20784062780659773 0.06159277066345525 0.13589579510431385
1 0.308993249073257 0.6805946229322825 0.030766654697035704 0.07643889365723154
0 0.4797795771874127 0.5454615787882475 0.07346323672557371 0.11738830097360559
1 0.46094284982188216 0.47243513574071455 0.04834760023819882 0.045044348048011426
1 0.3755496857648036 0.6375977452500898 0.033278218345773214 0.1132933602419682
1 0.4000374313399952 0.5195269541545448 0.02448774557519158 0.07643889365723154
0 0.4616986543567515 0.6786355341227178 0.05839385483314935 0.11602332072972629
1 0.49843027271953894 0.6349561663185856 0.03641767290669534 0.04231438756025319
0 0.41335105411855255 0.6267662848553109 0.0759748003743126 0.18154237243592475
