1 0.3867737516848072 0.5627216564605029 0.06425721490492187 0.06307601610152268
1 0.32440645486532416 0.5439405954864541 0.04535803405053311 0.04677547261461228
2 0.5403295961267157 0.49397588610266396 0.08599127288746898 0.08858991025494767
0 0.24125005910601371 0.4826363775900305 0.08504631384474988 0.09284222594718489
0 0.4420538556838942 0.4659814744621006 0.12756947076712438 0.10489045374185803
2 0.29747512214782007 0.4319629489242004 0.12000979842536882 0.07087192820395787
2 0.30267239688277714 0.48653433364124815 0.06803705107579988 0.058114981127245446
1 0.6330962509622757 0.06905466920051265 0.048699711612482766 0.05136297709129036
1 0.6521195758109016 0.10272595418258078 0.03500291772147193 0.04565597963670258
1 0.6939708904778793 0.09188265901886393 0.036524783709361984 0.05821137403679578
