0 0.7639592713185094 0.04545016755719813 0.07717952981410947 0.09090033511439626
1 0.7993332224833134 0.06517382517635976 0.03215813742254582 0.058313422526216636
0 0.4571706403074229 0.3061454682626369 0.08875645928622561 0.19380637486654254
1 0.43498152548586766 0.3751782699297024 0.0340876256678984 0.024868959606768735
1 0.43594626960854427 0.4549304507376165 0.036017113913251325 0.0471652682197341
1 0.4758223600125012 0.4896612391539661 0.02701283543493865 0.08060973113918174
1 0.5578256104399933 0.4043349811928109 0.03280130017099687 0.08318238213298543
1 0.4925445914722252 0.4356355682840889 0.019294882453527507 0.03773221457578721
2 0.5308127750050546 0.24611694507388474 0.09583124951918644 0.15092885830314856
5 0.2767632241813602 0.48110831234256934 0.1416876574307305 0.16624685138539042
5 0.3164357682619647 0.27959697732997485 0.14168765743073045 0.19143576826196468
5 0.882241813602015 0.6007556675062973 0.12468513853904284 0.18387909319899237
5 0.7764483627204032 0.5818639798488665 0.10579345088161211 0.14609571788413092
5 0.7792821158690179 0.28589420654911835 0.10768261964735533 0.15365239294710328
4 0.881563650455338 0.8141987990372125 0.11189691920170503 0.10075566750629719
4 0.9825615190854486 0.8755822524477449 0.03487696182910292 0.12664212480207632
