1 0.3774042993959956 0.64089383037946 0.02210176010889093 0.08258130475468761
1 0.2986667790080716 0.5688228735026418 0.04282216021097618 0.05555469592588068
1 0.3073002790506075 0.7384899178168186 0.04351284021437882 0.16366113124110893
2 0.24067145312974014 0.2778537417508256 0.05460612802103345 0.16047694627759437
0 0.3635352411770654 0.5273624184974964 0.12235817575083431 0.3253505212203281
2 0.45656790373141876 0.7065250366019339 0.08595409040347861 0.1824600896032921
2 0.46769137425422136 0.258068912757698 0.1284255233087272 0.21763311892440837
4 0.7661736334405146 0.8456591639871383 0.08874598070739566 0.1864951768488747
4 0.5080707395498392 0.8938906752411575 0.06360128617363343 0.10932475884244369
5 0.8467845659163987 0.7668810289389069 0.09909967845659168 0.24115755627009647
5 0.9481672025723475 0.736913184261015 0.10366559485530548 0.2776848894223521
5 0.7920578778135051 0.35209003215434065 0.09614147909967877 0.2025723472668809
5 0.6707717041800643 0.2861736334405145 0.1641800643086816 0.36655948553054674
5 0.3786495176848865 0.14630225080385847 0.15974276527331163 0.2861736334405144
