2 0.40777740188154277 0.48132666561662174 0.058496223223790916 0.12409629178894287
2 0.44103203304052846 0.41372271170470676 0.06399109425694047 0.0899071773107733
1 0.355271144741494 0.5134729246133425 0.03767345473106388 0.08053383438886927
2 0.49507027796218867 0.632491305299678 0.1151998202520141 0.16921242692716487
2 0.5251675282983004 0.4593305884108794 0.08614040613438873 0.19741449808169173
1 0.39803259153369 0.6460282994538534 0.034248595210058214 0.03158631969307095
1 0.41152446237401613 0.6928437375703679 0.02490806924367871 0.0665568879246831
1 0.4052974450630964 0.6076734826836957 0.020756724369732284 0.029330154000708576
2 0.23021119834789366 0.6365352778382184 0.04941122860671045 0.11984399598096428
1 0.457174638487208 0.7895245925424385 0.035595105672969966 0.14267060018377906
5 0.8793247588424437 0.0819935691318328 0.08726688102893888 0.1639871382636656
4 0.4928719270191299 0.8403622460945321 0.038242996536921654 0.09959113681490038
