4 0.6562840002517318 0.8016074546708546 0.08146156626911584 0.15074634074234525
0 0.46 0.38745980707395483 0.2307395498392281 0.3440514469453378
2 0.24627009646302256 0.31832797427652726 0.09909967845659164 0.19935691318327964
2 0.40675241157556274 0.837620578778135 0.05620578778135048 0.20257234726688111
1 0.30543408360128615 0.7572347266881028 0.05768488745980701 0.12540192926045043
5 0.9392926045016077 0.6163344061259672 0.12141479099678433 0.3773633460139925
5 0.7624758842443726 0.7475884244372983 0.08135048231511273 0.18971061093247588
5 0.8445659163987139 0.6961414790996785 0.09170418006430864 0.1768488745980708
5 0.6500643086816725 0.5418006430868165 0.17009646302250803 0.3826366559485526
5 0.9237620578778134 0.22405144792661022 0.15247588424437297 0.37736334601399213
5 0.5576205787781349 0.1382636655948553 0.18045016077170428 0.2765273311897106
4 0.29434083601286176 0.9340836012861736 0.07691318327974277 0.1318327974276528
1 0.2901346641041664 0.5501301351086579 0.0445371563836234 0.05403901684565028
1 0.29013466410416644 0.4949653054120566 0.03935841726924863 0.07205202246086699
1 0.3227607205247274 0.5062234339215663 0.023822199926124048 0.0562906425475536
