2 0.46771070984091706 0.30313629393278757 0.0850917764192301 0.19984675750634398
0 0.4361811676855764 0.4641698382044278 0.08737102043046047 0.2543504186444381
0 0.3028453930286581 0.3865434117350218 0.10788421653152336 0.29068619273649987
0 0.3013258970211725 0.24285194146186562 0.003038992014972486 0.01321300876075
0 0.3602063673112636 0.5706997213379746 0.08281253240800175 0.18333049655540756
3 0.5769913211129252 0.625403098449025 0.12182268705899835 0.26982875722665745
5 0.6556026942758554 0.7684418468298029 0.06522849865198248 0.13727551751457925
4 0.6466883116883114 0.37337662337662336 0.09857142857142855 0.2792207792207793
4 0.5339285714285714 0.34902597402597396 0.13292207792207783 0.3409090909090908
4 0.4980844155844158 0.08603896103896103 0.1687662337662336 0.15909090909090906
4 0.6332467532467537 0.08766233766233764 0.11350649350649344 0.17532467532467527
