0 0.460511679644049 0.3615127919911012 0.24249165739710782 0.3651400106398413
2 0.24360400444938826 0.31556802244039234 0.09343715239154618 0.17168834937370023
1 0.30367074527252497 0.7520433331721225 0.05116796440489433 0.14508874594960566
1 0.40433815350389324 0.8366784349760603 0.0545050055617353 0.24181457658267647
1 0.3798665183537264 0.6988441263239348 0.030033370411568328 0.1160709967596847
1 0.2880978865406007 0.547710015959762 0.04449388209121245 0.060453644145669116
1 0.32146829810900995 0.5005561735261401 0.02224694104560619 0.06770808144314941
1 0.29087875417130143 0.49934710064322674 0.03893214682981089 0.08463510180393677
4 0.29360128617363346 0.9356913183279743 0.07247588424437304 0.12861736334405152
5 0.6478456591639872 0.5610932475884245 0.16565916398713823 0.3633440514469454
5 0.924501607717042 0.22405144792661016 0.1509967845659164 0.3580707415123843
5 0.9385530546623795 0.6324115765439738 0.12289389067524122 0.34289388871269577
4 0.6589389067524115 0.8070739549839229 0.07543408360128623 0.16077170418006445
5 0.8445659163987138 0.7009646302250805 0.07691318327974273 0.16720257234726688
5 0.7669131832797427 0.7427652733118971 0.08430868167202575 0.17363344051446944
5 0.5539228295819936 0.1270096463022508 0.17897106109324767 0.2540192926045016
