3 0.367043747912715 0.5932308798658431 0.051142338206667394 0.022141624070651136
4 0.5649517037460791 0.6000512908518919 0.033521868740504814 0.020362386422116713
3 0.3477042082547315 0.565850389385618 0.04942326801484651 0.017990069557404172
3 0.5925749366096167 0.4748404016026809 0.04604880832512068 0.01780825596290071
4 0.6449401743952627 0.4485966559731427 0.04482627359082548 0.020807541177705
4 0.5848322166257469 0.45609486901015417 0.05990420198046678 0.02155736248140606
4 0.5872241840398139 0.43161588794293465 0.059496690402368345 0.02830575421471579
4 0.6446833165516901 0.41989993007260523 0.055421574621384334 0.022494639111032486
4 0.6589462217851346 0.39543701003935766 0.06601687565194307 0.0279308435628654
3 0.20758103156657093 0.33549369108082133 0.02644723372031925 0.011101226354103728
4 0.19204328175588337 0.32188328342750205 0.024463691191295354 0.010036725196861163
4 0.23898712160945013 0.3216551760366644 0.034381403836415185 0.009276367227402
3 0.6653394962861015 0.16093285532789128 0.08249198659506461 0.0369019198750032
3 0.6551225988637771 0.11149820794817002 0.08627602267740692 0.0424720209882112
3 0.5468991669087842 0.17955788092518063 0.08324879381153316 0.03516126327712566
3 0.5506832029911266 0.13064543052482264 0.07416710721391126 0.031331818761795166
5 0.5225225454467457 0.10383526957389307 0.047588108980654055 0.02114426205844966
5 0.648005507120331 0.49751278457610565 0.03635784939334727 0.01628831652821951
5 0.6045341654543723 0.5082747079965365 0.04299710884778456 0.017451767708806683
5 0.603585699818024 0.49053207749258304 0.03604169418123128 0.013670551371898583
