2 0.24010335917312658 0.2868217054263566 0.057054263565891467 0.14987080103359177
2 0.44633074935400513 0.7118863049095608 0.0843927648578812 0.1576227390180879
1 0.2971576227390181 0.5633074935400516 0.04992248062015506 0.06201550387596903
2 0.3090439276485788 0.748062015503876 0.04279069767441857 0.1472868217054264
0 0.36372093023255814 0.5400516795865633 0.12124031007751941 0.26356589147286824
1 0.37917312661498714 0.6382428940568475 0.026149870801033544 0.07235142118863046
0 0.459405684754522 0.25064599483204136 0.1034108527131783 0.227390180878553
5 0.672170542635659 0.2648578811369509 0.16759689922480633 0.37467700258397935
5 0.3773901808785529 0.13824289405684745 0.15571059431524525 0.2764857881136949
5 0.8457105943152454 0.7596899224806202 0.10103359173126619 0.248062015503876
5 0.9493023255813953 0.7535823358737836 0.10139534883720938 0.2306788836338723
5 0.790439276485788 0.35012919896640826 0.10222222222222228 0.18863049095607232
4 0.7678552971576219 0.8423772609819123 0.09033591731266137 0.19638242894056873
4 0.5045736434108528 0.8914728682170545 0.07012919896640832 0.12403100775193812
