0 0.40016534496267825 0.39335466315197876 0.1726700008507096 0.3125804758483218
2 0.3088072172398496 0.26572901034928004 0.07785847311086577 0.11738830097360552
2 0.24350656237267185 0.3640075879085776 0.09543941865202904 0.15014782682670463
2 0.3800728357727782 0.6035616207093643 0.11113669145663796 0.1760824514604079
1 0.3370411568409344 0.7810610823620447 0.04449388209121245 0.16443391207622
1 0.2476117131565335 0.7357797495425961 0.03927897179351962 0.11809126579920332
1 0.21668996940418822 0.5849862870605365 0.052650536659398596 0.0708547594795219
1 0.23382228688859577 0.5441085412069662 0.03342891216469756 0.06540439336571253
1 0.26140113942447124 0.5386581750931567 0.02005734729881855 0.06177081595650634
1 0.28856213055828794 0.706711130268946 0.029250298144110332 0.11445768838999712
2 0.29810901001112344 0.14992503748125935 0.04671857619577309 0.09188953910141699
5 0.4932797427652732 0.2057877813504824 0.1138906752411575 0.21864951768488752
5 0.7284565916398715 0.527331189710611 0.09909967845659168 0.2057877813504824
3 0.6651887644778092 0.6528141212056825 0.04518517200900189 0.11044235325958134
4 0.47848874598070745 0.8054662379421222 0.060643086816720315 0.13183279742765264
5 0.5598392282958198 0.47588424437299026 0.1109324758842445 0.25080385852090026
5 0.5631973039934496 0.7316636295608209 0.06214486937249781 0.13622335496507673
5 0.614725758181479 0.6843794898208767 0.06266274328393535 0.13172010356127245
5 0.6944372990353699 0.30225080385852093 0.10501607717041807 0.2057877813504823
