3 0.22021332133978638 0.6540319130191301 0.037389776672101395 0.012454663539741517
4 0.24518238610843482 0.6163081521451376 0.04856373291893625 0.01957161413387922
4 0.173626089373896 0.6171977709694046 0.043836289891429236 0.019769307205938703
4 0.20886702830622145 0.6379555435356402 0.04383628989142921 0.018187762629463547
4 0.24002517553297245 0.6423047911209453 0.0322325660966391 0.015024673476514143
4 0.3068540292400044 0.5821072506788636 0.033521868740504814 0.01364082197209768
4 0.24260378082070366 0.6310362860135619 0.036530241576191086 0.011466198179444255
4 0.295894956767147 0.5922884438899213 0.03051349590481829 0.013047742755919457
5 0.6747043635700458 0.6115634429383107 0.03448770485446828 0.015523175539871516
3 0.6313166058499092 0.6180456481088066 0.039679402359441826 0.01313499468758357
5 0.6417000008598555 0.6254660671855585 0.033746033782330036 0.00852921732959988
4 0.679370702079427 0.5802426549326737 0.03263352717412104 0.022005380710367173
4 0.5951910353916378 0.5861278148900978 0.047466948616903155 0.023881808522879383
4 0.6306058290862804 0.572481067162738 0.03152102056591218 0.021834796363775277
4 0.595005617623603 0.5596019489950421 0.03745438914302498 0.019276031164895496
4 0.6254024005527421 0.6048395944733094 0.038098715585531635 0.015196082634178845
5 0.48144449562931496 0.7085787620631797 0.03984936195594284 0.019532720040700093
5 0.38545461064867864 0.6755649091796321 0.03317109021712462 0.014584283754026473
5 0.40973731481314846 0.6702538694310559 0.02199188301687819 0.01003196396953271
5 0.4398845211154523 0.668104162866156 0.03060537053182209 0.015680212591034318
3 0.49423348642859355 0.5186110186645325 0.05183244231346469 0.020257521439503004
3 0.4714350061628968 0.5256921876632966 0.04286893725173769 0.01792701012345404
3 0.4861727201958436 0.49451657425547735 0.033125996967251936 0.01882336062962665
4 0.5369751945363771 0.4919474241150168 0.04899307114484309 0.020231911425040893
3 0.4234003477915135 0.5247282426264753 0.04565263447587654 0.021256312003524017
3 0.45235079892255725 0.5342039479774437 0.027836972241388053 0.01152450650793469
5 0.5410139956167096 0.5487123795618081 0.04216852090423209 0.017933555871347054
5 0.49168478248345665 0.5420330449770718 0.04296415337412298 0.018116551339422013
5 0.5300740491557057 0.5324257829031364 0.0362012773800487 0.01463963744599751
3 0.4360076438212328 0.40540296111919644 0.05973768916577088 0.02866549544861108
3 0.47855463106879653 0.4246780356449867 0.05286140839848819 0.020560079494176122
5 0.6031872199758013 0.44533696167519254 0.040827917055742874 0.01601313883681037
5 0.6259649000174261 0.4592743232553793 0.02965396080890784 0.014233901188275838
5 0.576326748228602 0.4348592288560451 0.031802798548683814 0.014036208116216429
5 0.5681611648174534 0.41637492661849235 0.02664558797322158 0.013047742755919458
4 0.5378625526866125 0.4454358082112222 0.03223256609663913 0.0170016041971072
5 0.38931383115764717 0.4486215204618363 0.05883145341014916 0.02186866146963112
5 0.374160274976245 0.4782808925800235 0.04754056841224163 0.019955153591038482
5 0.45497924127705597 0.47896428825094917 0.04754056841224172 0.020228511859409517
5 0.4265709385993563 0.484457039676776 0.02637235673756017 0.01779255001227391
5 0.47052486649528974 0.49626482286673956 0.03199845950823956 0.01649854637501761
5 0.5191225877005926 0.2670623945081548 0.04867853824049192 0.0231144542870981
5 0.46678007346350453 0.26621968002893764 0.0423974365320413 0.01998437193572027
5 0.4839065441218798 0.21958731572743212 0.04344428681678309 0.01733584071532359
5 0.3466356299986756 0.09778436231149079 0.05661537254215656 0.023586177843977686
5 0.3230938241447884 0.05515018911210097 0.02970774265358185 0.016282371292686722
5 0.5444170621773755 0.12003699630119265 0.04873306769617601 0.022417211140241
