4 0.5491472868217054 0.08139534883720931 0.0879586563307494 0.16279069767441862
4 0.3744186046511628 0.05684754521963824 0.08320413436692504 0.11369509043927647
4 0.49394278549913606 0.212770335147857 0.06962983349387657 0.15595614880051373
5 0.3585514425943763 0.20206746219095895 0.06611317523661 0.14372429399263026
5 0.35222145773129676 0.3450272652580964 0.0647065119337033 0.13607938473770312
5 0.371914743971989 0.48263563184678515 0.06751983853951657 0.1238475299298198
5 0.49007446141614297 0.3801938478307615 0.07595981835695603 0.15136920324755748
5 0.46229286118373764 0.4765197044428435 0.06259651697934351 0.11467363882390715
2 0.4574360856182789 0.5892460825720768 0.061135751241709606 0.164659583952277
2 0.4382297212901311 0.7268544491607654 0.037871704309023764 0.08232979197613835
2 0.40495672393291754 0.8538775567810931 0.07520238427077548 0.16230730418153003
1 0.5185718368599886 0.653933776267614 0.01893585215451182 0.06821611335165749
1 0.5015295699209279 0.6633428953506013 0.017312779112696505 0.04939787518568309
1 0.5615832724680941 0.7439084774986796 0.023805071279957776 0.06939225323703098
1 0.6111421078950229 0.7815395963962802 0.022729425240411702 0.05706714236723045
1 0.5037504748664786 0.9553066843558105 0.0849408225216674 0.08938663128837902
