0 0.3064516129032258 0.4521932582096049 0.10344827586206899 0.17410649513952695
0 0.30533926585094534 0.2962228563137786 0.09010011123470518 0.17168834937370023
1 0.4243604004449388 0.5017652464090535 0.061179087875417155 0.20554239009527492
1 0.5133481646273637 0.3615127919911011 0.06340378197997773 0.21521497315858185
0 0.6023359288097887 0.4352662378488175 0.08342602892102334 0.19828795279779451
0 0.6946607341490547 0.24423272234850316 0.09899888765294795 0.22246941045606225
1 0.4021134593993329 0.3095226580258258 0.04115684093437154 0.1112347052280311
1 0.6337407642952761 0.4895857703454572 0.03453400017014401 0.1064684590225736
1 0.616159818754112 0.2868918445436359 0.02448774557519139 0.13241436448473734
2 0.7449507742021914 0.07631480454415157 0.03881507457139932 0.13277535099551577
1 0.6618979308177998 0.10423485498713386 0.01997834720586738 0.09678950820233861
