2 0.2927959989791471 0.433621580346413 0.038301345643248524 0.12284822194912176
1 0.223727998638863 0.5141554147352819 0.04960338206256748 0.10919841951033053
2 0.43972247243029733 0.40222703473719335 0.0671843276037309 0.10919841951033078
1 0.35056196290011227 0.5919592886363929 0.02072040010208518 0.03548948634085733
1 0.3527595810927576 0.5564698022955354 0.015069381892425682 0.027299604877582765
2 0.472058854407794 0.5960542293680304 0.07032378216465297 0.22385675999617796
2 0.37756127212404134 0.4984581419306717 0.09857887321295075 0.18973225389919934
5 0.8060707431524399 0.9593316431880271 0.04816227376368573 0.0813367136239458
4 0.6846293109203506 0.9017760936117883 0.0445371563836234 0.08781340237418178
5 0.9170418006430867 0.09163987138263666 0.13607717041800627 0.1832797427652733
