4 0.579647435897436 0.18497596153846155 0.1996794871794872 0.1908653846153846
4 0.6113782051282052 0.2993990384615385 0.16634615384615384 0.13317307692307692
5 0.7190705128205128 0.3782451923076923 0.15128205128205127 0.1293269230769231
5 0.5557692307692308 0.4204326923076923 0.14487179487179488 0.13052884615384616
5 0.39487179487179486 0.4234375 0.16762820512820512 0.13846153846153847
5 0.6538461538461539 0.4600961538461538 0.11538461538461539 0.10360576923076924
5 0.7488782051282051 0.4341346153846154 0.09423076923076923 0.06370192307692307
5 0.705448717948718 0.5068509615384615 0.0983974358974359 0.08341346153846153
5 0.5825320512820513 0.5552884615384616 0.10416666666666667 0.08870192307692308
5 0.7083333333333334 0.5814903846153846 0.06923076923076923 0.06586538461538462
5 0.6195512820512821 0.6356971153846154 0.07564102564102564 0.0798076923076923
5 0.4253205128205128 0.5149038461538461 0.12275641025641025 0.09423076923076923
5 0.31875 0.5372596153846154 0.16955128205128206 0.13701923076923078
5 0.26474358974358975 0.6533653846153846 0.14134615384615384 0.125
