5 0.4934294871794872 0.01935096153846154 0.12980769230769232 0.03798076923076923
5 0.34439102564102564 0.05264423076923077 0.14038461538461539 0.10432692307692308
5 0.7060897435897436 0.08713942307692307 0.14967948717948718 0.13677884615384617
5 0.7490384615384615 0.09038461538461538 0.10544871794871795 0.0875
3 0.8661858974358975 0.13173076923076923 0.17051282051282052 0.13581730769230768
5 0.8320512820512821 0.1641826923076923 0.06762820512820512 0.054086538461538464
5 0.60625 0.18846153846153846 0.11634615384615385 0.10096153846153846
5 0.8256410256410256 0.04927884615384615 0.041987179487179484 0.03413461538461538
5 0.47660256410256413 0.17163461538461539 0.12756410256410255 0.09783653846153846
5 0.350801282051282 0.19375 0.11474358974358974 0.08701923076923077
5 0.4580128205128205 0.2780048076923077 0.09743589743589744 0.07211538461538461
5 0.5778846153846153 0.3758413461538462 0.07628205128205129 0.052884615384615384
5 0.6216346153846154 0.39326923076923076 0.061217948717948716 0.04591346153846154
5 0.5770833333333333 0.42764423076923075 0.058333333333333334 0.04278846153846154
4 0.7011217948717948 0.4199519230769231 0.10961538461538461 0.084375
4 0.5956730769230769 0.5114182692307693 0.10480769230769231 0.08004807692307692
4 0.29583333333333334 0.48822115384615383 0.10833333333333334 0.07836538461538461
4 0.30993589743589745 0.6092548076923077 0.08974358974358974 0.0798076923076923
4 0.2389423076923077 0.5981971153846154 0.12275641025641025 0.09350961538461539
4 0.26314102564102565 0.7055288461538461 0.10608974358974359 0.07956730769230769
4 0.3767628205128205 0.7778846153846154 0.08493589743589744 0.06634615384615385
4 0.45240384615384616 0.7769230769230769 0.07724358974358975 0.052403846153846155
4 0.43685897435897436 0.8155048076923077 0.07564102564102564 0.042548076923076925
4 0.7834935897435897 0.7487980769230769 0.11826923076923077 0.08870192307692308
3 0.6650641025641025 0.7747596153846154 0.12115384615384615 0.08653846153846154
3 0.7608974358974359 0.8191105769230769 0.1092948717948718 0.07836538461538461
5 0.4442307692307692 0.8537259615384616 0.05384615384615385 0.048317307692307694
5 0.37932692307692306 0.8557692307692307 0.07884615384615384 0.06370192307692307
5 0.38285256410256413 0.915625 0.047115384615384615 0.04471153846153846
5 0.6982371794871794 0.8324519230769231 0.07211538461538461 0.06346153846153846
5 0.6977564102564102 0.8923076923076924 0.08942307692307692 0.054086538461538464
5 0.6161858974358975 0.9126201923076923 0.06634615384615385 0.06514423076923077
5 0.5955128205128205 0.9709134615384616 0.1 0.057451923076923074
3 0.6783653846153846 0.9383413461538461 0.1387820512820513 0.11009615384615384
