5 0.544551282051282 0.2783653846153846 0.14198717948717948 0.11298076923076923
5 0.8857371794871794 0.3247596153846154 0.13974358974358975 0.09038461538461538
5 0.655448717948718 0.3836538461538462 0.1346153846153846 0.11129807692307692
5 0.3344551282051282 0.3786057692307692 0.15320512820512822 0.11346153846153846
5 0.7448717948717949 0.46911057692307695 0.11185897435897436 0.08725961538461538
5 0.4355769230769231 0.4366586538461538 0.11987179487179488 0.09615384615384616
5 0.3485576923076923 0.47692307692307695 0.10897435897435898 0.0829326923076923
5 0.8801282051282051 0.5076923076923077 0.0842948717948718 0.05985576923076923
5 0.3333333333333333 0.5287259615384615 0.09487179487179487 0.05456730769230769
5 0.7719551282051282 0.5280048076923077 0.06217948717948718 0.03918269230769231
5 0.7200320512820513 0.5245192307692308 0.05641025641025641 0.04014423076923077
5 0.7674679487179488 0.5552884615384616 0.06987179487179487 0.03798076923076923
5 0.28557692307692306 0.5673076923076923 0.09487179487179487 0.07764423076923077
3 0.3685897435897436 0.5877403846153846 0.1032051282051282 0.06490384615384616
5 0.41586538461538464 0.6159855769230769 0.10064102564102564 0.07836538461538461
3 0.3318910256410256 0.6647836538461539 0.14166666666666666 0.10168269230769231
5 0.26121794871794873 0.6622596153846154 0.05705128205128205 0.07043269230769231
5 0.3144230769230769 0.8324519230769231 0.10032051282051282 0.07548076923076923
5 0.37387820512820513 0.8247596153846154 0.06987179487179487 0.06899038461538462
4 0.3301282051282051 0.7701923076923077 0.04551282051282051 0.05360576923076923
5 0.5096153846153846 0.8094951923076923 0.07564102564102564 0.06081730769230769
5 0.4636217948717949 0.8706730769230769 0.09102564102564102 0.07740384615384616
5 0.4165064102564103 0.8673076923076923 0.06666666666666667 0.06971153846153846
