3 0.21201923076923077 0.8330528846153846 0.06185897435897436 0.04855769230769231
5 0.1625 0.8568509615384615 0.06057692307692308 0.052403846153846155
4 0.12291666666666666 0.8270432692307692 0.0641025641025641 0.051201923076923075
4 0.9596153846153846 0.7149038461538462 0.07788461538461539 0.06033653846153846
5 0.9556089743589744 0.7680288461538461 0.08493589743589744 0.05721153846153846
5 0.9503205128205128 0.8188701923076923 0.0733974358974359 0.05144230769230769
5 0.9809294871794871 0.8193509615384615 0.035576923076923075 0.050721153846153846
5 0.6163461538461539 0.8110576923076923 0.17051282051282052 0.1283653846153846
5 0.5413461538461538 0.9060096153846153 0.1519230769230769 0.12884615384615383
5 0.4032051282051282 0.9228365384615385 0.12884615384615383 0.11875
5 0.36362179487179486 0.8408653846153846 0.17403846153846153 0.12451923076923077
5 0.40240384615384617 0.7231971153846154 0.20384615384615384 0.1423076923076923
5 0.6807692307692308 0.6563701923076923 0.18173076923076922 0.13701923076923078
4 0.4326923076923077 0.5587740384615385 0.20961538461538462 0.1576923076923077
4 0.6775641025641026 0.4717548076923077 0.16474358974358974 0.13365384615384615
5 0.9607371794871795 0.3331730769230769 0.07692307692307693 0.1283653846153846
5 0.9453525641025641 0.36514423076923075 0.10673076923076923 0.09519230769230769
5 0.982852564102564 0.16526442307692307 0.032692307692307694 0.09471153846153846
5 0.9649038461538462 0.21334134615384615 0.0685897435897436 0.07211538461538461
5 0.2325320512820513 0.06790865384615384 0.0810897435897436 0.061778846153846156
5 0.1701923076923077 0.08125 0.08141025641025641 0.06658653846153846
5 0.18333333333333332 0.13798076923076924 0.07532051282051282 0.05480769230769231
5 0.24967948717948718 0.14254807692307692 0.06185897435897436 0.05576923076923077
5 0.25432692307692306 0.19435096153846154 0.04006410256410257 0.04927884615384615
5 0.36875 0.12139423076923077 0.06634615384615385 0.051682692307692304
5 0.3855769230769231 0.1657451923076923 0.041666666666666664 0.039663461538461536
5 0.36714743589743587 0.0671875 0.04326923076923077 0.05841346153846154
5 0.2049679487179487 0.016826923076923076 0.0955128205128205 0.03365384615384615
5 0.35689102564102565 0.19326923076923078 0.049679487179487176 0.041346153846153845
