5 0.5190705128205129 0.3544471153846154 0.1483974358974359 0.11057692307692307
5 0.5057692307692307 0.4512019230769231 0.1310897435897436 0.09350961538461539
5 0.31522435897435896 0.5242788461538461 0.15320512820512822 0.10697115384615384
5 0.533974358974359 0.5600961538461539 0.1375 0.09903846153846153
5 0.3408653846153846 0.6549278846153846 0.15064102564102563 0.10360576923076924
4 0.16506410256410256 0.7621394230769231 0.05064102564102564 0.03581730769230769
5 0.18685897435897436 0.7884615384615384 0.03974358974358974 0.029326923076923077
3 0.23733974358974358 0.7712740384615384 0.0391025641025641 0.03317307692307692
3 0.2552884615384615 0.8111778846153846 0.046153846153846156 0.03990384615384615
5 0.3424679487179487 0.8001201923076923 0.032692307692307694 0.026201923076923078
5 0.3607371794871795 0.7929086538461538 0.025 0.02139423076923077
5 0.4014423076923077 0.7181490384615384 0.10192307692307692 0.07475961538461538
5 0.5025641025641026 0.7018028846153846 0.10256410256410256 0.08221153846153846
5 0.5551282051282052 0.6330528846153847 0.12403846153846154 0.08774038461538461
