4 0.04855769230769231 0.6721153846153847 0.09615384615384616 0.04639423076923077
4 0.04983974358974359 0.7389423076923077 0.0983974358974359 0.12043269230769231
4 0.13253205128205128 0.7943509615384615 0.14487179487179488 0.11081730769230769
4 0.378525641025641 0.4497596153846154 0.10128205128205128 0.0733173076923077
4 0.4565705128205128 0.5097355769230769 0.12564102564102564 0.09519230769230769
3 0.35352564102564105 0.5338942307692308 0.10961538461538461 0.08341346153846153
3 0.45224358974358975 0.5945913461538461 0.10993589743589743 0.08245192307692308
3 0.39455128205128204 0.6391826923076923 0.1125 0.09639423076923077
5 0.3232371794871795 0.6258413461538461 0.08493589743589744 0.07259615384615385
5 0.33541666666666664 0.703125 0.07211538461538461 0.0673076923076923
5 0.38076923076923075 0.7290865384615385 0.10256410256410256 0.08870192307692308
3 0.49615384615384617 0.7170673076923076 0.15128205128205127 0.10745192307692308
5 0.6269230769230769 0.7891826923076923 0.14743589743589744 0.10745192307692308
3 0.5889423076923077 0.4662259615384615 0.1391025641025641 0.09639423076923077
3 0.6626602564102564 0.4763221153846154 0.06634615384615385 0.07211538461538461
5 0.7107371794871795 0.4288461538461538 0.0798076923076923 0.057692307692307696
5 0.04807692307692308 0.9776442307692308 0.09615384615384616 0.04326923076923077
5 0.06153846153846154 0.1704326923076923 0.032692307692307694 0.025240384615384616
4 0.010576923076923078 0.1813701923076923 0.020512820512820513 0.031490384615384615
3 0.14294871794871794 0.1597355769230769 0.020512820512820513 0.02403846153846154
3 0.0764423076923077 0.1685096153846154 0.032371794871794875 0.026442307692307692
5 0.22612179487179487 0.16947115384615385 0.03173076923076923 0.027884615384615386
3 0.23557692307692307 0.18173076923076922 0.03173076923076923 0.023076923076923078
