4 0.3907051282051282 0.4234375 0.08717948717948718 0.06153846153846154
4 0.3543269230769231 0.4573317307692308 0.10993589743589743 0.08028846153846154
4 0.5639423076923077 0.3141826923076923 0.0891025641025641 0.06586538461538462
4 0.0998397435897436 0.28076923076923077 0.07147435897435897 0.05841346153846154
3 0.05112179487179487 0.2858173076923077 0.05352564102564102 0.04591346153846154
5 0.1296474358974359 0.33978365384615383 0.05993589743589744 0.04639423076923077
5 0.07227564102564103 0.3566105769230769 0.05576923076923077 0.04399038461538462
5 0.1373397435897436 0.3817307692307692 0.058333333333333334 0.038461538461538464
5 0.07724358974358975 0.39134615384615384 0.05416666666666667 0.03413461538461538
5 0.12756410256410255 0.41802884615384617 0.05 0.03485576923076923
5 0.09423076923076923 0.42728365384615385 0.04294871794871795 0.030048076923076924
4 0.7567307692307692 0.3015625 0.08076923076923077 0.07379807692307692
3 0.6306089743589743 0.38665865384615383 0.07211538461538461 0.05456730769230769
3 0.7799679487179487 0.4032451923076923 0.07852564102564102 0.05552884615384615
4 0.5759615384615384 0.5055288461538462 0.08269230769230769 0.06586538461538462
5 0.6608974358974359 0.47692307692307695 0.05352564102564102 0.04014423076923077
5 0.7538461538461538 0.4486778846153846 0.06346153846153846 0.04399038461538462
4 0.4516025641025641 0.5304086538461539 0.075 0.058173076923076925
3 0.5741987179487179 0.5473557692307692 0.06987179487179487 0.04591346153846154
3 0.36891025641025643 0.5356971153846154 0.09615384615384616 0.07019230769230769
5 0.6283653846153846 0.5945913461538461 0.07692307692307693 0.06081730769230769
5 0.5674679487179487 0.6018028846153847 0.051923076923076926 0.045432692307692306
3 0.5036858974358974 0.6068509615384615 0.08493589743589744 0.05721153846153846
5 0.6655448717948718 0.6977163461538461 0.06762820512820512 0.05456730769230769
5 0.44727564102564105 0.630048076923077 0.07211538461538461 0.05024038461538462
5 0.6621794871794872 0.8207932692307692 0.022115384615384617 0.020432692307692308
4 0.6793269230769231 0.9881009615384615 0.055448717948717946 0.023317307692307693
5 0.5283653846153846 0.7991586538461538 0.0483974358974359 0.038461538461538464
5 0.46923076923076923 0.6860576923076923 0.07211538461538461 0.057692307692307696
5 0.305448717948718 0.6325721153846153 0.0798076923076923 0.058173076923076925
5 0.33926282051282053 0.7044471153846154 0.041346153846153845 0.03317307692307692
5 0.2605769230769231 0.7298076923076923 0.058653846153846154 0.04639423076923077
4 0.01810897435897436 0.6585336538461538 0.035256410256410256 0.04110576923076923
3 0.09967948717948719 0.7307692307692307 0.05512820512820513 0.03822115384615385
5 0.1482371794871795 0.7433894230769231 0.04358974358974359 0.035096153846153846
5 0.03092948717948718 0.7026442307692308 0.04807692307692308 0.031009615384615385
3 0.1907051282051282 0.6923076923076923 0.05032051282051282 0.037259615384615384
5 0.23317307692307693 0.6306490384615384 0.04006410256410257 0.03581730769230769
5 0.2219551282051282 0.6686298076923077 0.03782051282051282 0.030048076923076924
3 0.1814102564102564 0.6681490384615385 0.04583333333333333 0.02860576923076923
5 0.1891025641025641 0.6354567307692308 0.04519230769230769 0.025721153846153845
5 0.26314102564102565 0.6752403846153846 0.028525641025641025 0.022596153846153846
5 0.05576923076923077 0.6596153846153846 0.0375 0.029326923076923077
5 0.013141025641025641 0.7332932692307692 0.026282051282051282 0.029326923076923077
5 0.03413461538461538 0.8058894230769231 0.029487179487179487 0.02403846153846154
3 0.10224358974358974 0.6268028846153846 0.04487179487179487 0.02980769230769231
5 0.07131410256410256 0.6210336538461538 0.02564102564102564 0.020913461538461537
5 0.29262820512820514 0.6628605769230769 0.0375 0.022115384615384617
5 0.2296474358974359 0.7120192307692308 0.03493589743589744 0.025721153846153845
5 0.2419871794871795 0.7980769230769231 0.01826923076923077 0.015625
