4 0.1283653846153846 0.38125 0.19166666666666668 0.13365384615384615
4 0.867948717948718 0.3203125 0.06794871794871794 0.04855769230769231
4 0.9815705128205128 0.3110576923076923 0.035576923076923075 0.04639423076923077
5 0.8650641025641026 0.3721153846153846 0.051923076923076926 0.04278846153846154
4 0.5525641025641026 0.39002403846153844 0.05128205128205128 0.04110576923076923
3 0.41394230769230766 0.5159855769230769 0.14102564102564102 0.11658653846153846
5 0.5541666666666667 0.48173076923076924 0.18942307692307692 0.1310096153846154
5 0.8671474358974359 0.5445913461538462 0.18173076923076922 0.1362980769230769
5 0.4355769230769231 0.6129807692307693 0.12243589743589743 0.09639423076923077
5 0.29407051282051283 0.6466346153846154 0.11634615384615385 0.09134615384615384
5 0.2064102564102564 0.7044471153846154 0.1032051282051282 0.08557692307692308
5 0.15753205128205128 0.7894230769230769 0.07051282051282051 0.05456730769230769
5 0.30480769230769234 0.8060096153846154 0.09487179487179487 0.07548076923076923
5 0.6219551282051282 0.6167067307692308 0.14551282051282052 0.10216346153846154
5 0.700801282051282 0.6793269230769231 0.09711538461538462 0.06153846153846154
5 0.9176282051282051 0.6584134615384616 0.14455128205128207 0.09639423076923077
