4 0.04807692307692308 0.6060096153846154 0.09615384615384616 0.10697115384615384
4 0.5825320512820513 0.5972355769230769 0.08557692307692308 0.07019230769230769
4 0.6530448717948718 0.5929086538461539 0.07724358974358975 0.07211538461538461
4 0.7421474358974359 0.6758413461538462 0.11955128205128206 0.08509615384615385
4 0.7709935897435898 0.715625 0.09775641025641026 0.06586538461538462
5 0.8408653846153846 0.7231971153846154 0.07564102564102564 0.05600961538461539
5 0.7972756410256411 0.6105769230769231 0.08269230769230769 0.059375
4 0.22692307692307692 0.2921875 0.035897435897435895 0.03365384615384615
3 0.24695512820512822 0.27524038461538464 0.03205128205128205 0.03125
5 0.3235576923076923 0.028245192307692308 0.1125 0.05552884615384615
5 0.3261217948717949 0.09615384615384616 0.10256410256410256 0.07427884615384615
5 0.4669871794871795 0.026201923076923078 0.10128205128205128 0.05144230769230769
3 0.49615384615384617 0.01658653846153846 0.10032051282051282 0.031490384615384615
3 0.6548076923076923 0.040625 0.11121794871794871 0.08028846153846154
3 0.6110576923076924 0.10865384615384616 0.10897435897435898 0.09519230769230769
5 0.45913461538461536 0.1780048076923077 0.07852564102564102 0.08076923076923077
5 0.5282051282051282 0.20084134615384616 0.07115384615384615 0.07163461538461538
5 0.5666666666666667 0.1876201923076923 0.07692307692307693 0.08942307692307692
3 0.778525641025641 0.021875 0.10256410256410256 0.04375
5 0.6950320512820513 0.10180288461538461 0.08782051282051281 0.09423076923076923
5 0.8442307692307692 0.046274038461538464 0.09423076923076923 0.09158653846153846
5 0.7368589743589744 0.13149038461538462 0.07852564102564102 0.08557692307692308
5 0.8665064102564103 0.12007211538461539 0.08846153846153847 0.08028846153846154
5 0.9288461538461539 0.17487980769230768 0.0641025641025641 0.0641826923076923
5 0.8833333333333333 0.18557692307692308 0.04775641025641025 0.06634615384615385
5 0.795352564102564 0.18978365384615384 0.05929487179487179 0.058173076923076925
5 0.9435897435897436 0.19615384615384615 0.055448717948717946 0.04807692307692308
5 0.8841346153846154 0.2360576923076923 0.057692307692307696 0.051923076923076926
5 0.8155448717948718 0.2328125 0.04358974358974359 0.047115384615384615
4 0.9147435897435897 0.0907451923076923 0.03141025641025641 0.02716346153846154
4 0.1517628205128205 0.21177884615384615 0.02980769230769231 0.020913461538461537
