5 0.5788461538461539 0.027043269230769232 0.17916666666666667 0.054086538461538464
4 0.2605769230769231 0.1141826923076923 0.09134615384615384 0.07019230769230769
3 0.23028846153846153 0.15504807692307693 0.0983974358974359 0.08822115384615385
3 0.2602564102564103 0.2247596153846154 0.08621794871794872 0.06586538461538462
5 0.6288461538461538 0.15925480769230768 0.14775641025641026 0.11129807692307692
5 0.68125 0.2325721153846154 0.19230769230769232 0.15240384615384617
5 0.21842948717948718 0.2753605769230769 0.0955128205128205 0.07283653846153847
5 0.2552884615384615 0.31622596153846155 0.08076923076923077 0.05841346153846154
5 0.7631410256410256 0.33040865384615387 0.13333333333333333 0.10432692307692308
5 0.2107371794871795 0.3528846153846154 0.08974358974358974 0.06466346153846154
5 0.25801282051282054 0.39074519230769234 0.08044871794871795 0.05625
5 0.7458333333333333 0.4269230769230769 0.17596153846153847 0.12091346153846154
5 0.23669871794871794 0.43173076923076925 0.07628205128205129 0.05721153846153846
5 0.27692307692307694 0.44735576923076925 0.06217948717948718 0.04591346153846154
5 0.8926282051282052 0.5087740384615385 0.032692307692307694 0.022596153846153846
5 0.2766025641025641 0.4873798076923077 0.05705128205128205 0.04014423076923077
5 0.7684294871794872 0.5007211538461539 0.12211538461538461 0.07091346153846154
5 0.7642628205128205 0.5697115384615384 0.10192307692307692 0.06754807692307692
5 0.6886217948717949 0.6539663461538462 0.11858974358974358 0.09711538461538462
5 0.6641025641025641 0.6844951923076923 0.11282051282051282 0.08004807692307692
4 0.7854166666666667 0.675 0.08301282051282051 0.06274038461538461
5 0.902724358974359 0.6895432692307693 0.060897435897435896 0.04519230769230769
5 0.8423076923076923 0.7073317307692307 0.058333333333333334 0.04423076923076923
5 0.7862179487179487 0.7103365384615384 0.05705128205128205 0.031971153846153844
5 0.9482371794871794 0.6936298076923076 0.03878205128205128 0.03413461538461538
5 0.7011217948717948 0.7581730769230769 0.06698717948717949 0.04975961538461538
3 0.8322115384615385 0.7679086538461538 0.06923076923076923 0.051682692307692304
3 0.8548076923076923 0.7956730769230769 0.0685897435897436 0.04879807692307692
3 0.795352564102564 0.8275240384615384 0.03782051282051282 0.04399038461538462
5 0.6772435897435898 0.8377403846153846 0.06282051282051282 0.04807692307692308
3 0.9030448717948718 0.8912259615384616 0.04871794871794872 0.050721153846153846
4 0.770673076923077 0.9222355769230769 0.0858974358974359 0.07211538461538461
5 0.6709935897435897 0.8854567307692308 0.0532051282051282 0.04038461538461539
5 0.6927884615384615 0.909375 0.06698717948717949 0.056971153846153845
5 0.8240384615384615 0.9247596153846154 0.041987179487179484 0.05721153846153846
3 0.7155448717948718 0.9644230769230769 0.07435897435897436 0.06346153846153846
3 0.9798076923076923 0.8879807692307692 0.0391025641025641 0.055288461538461536
5 0.9721153846153846 0.9135817307692308 0.05512820512820513 0.053125
5 0.9360576923076923 0.9258413461538462 0.035256410256410256 0.037259615384615384
3 0.05705128205128205 0.9858173076923077 0.07115384615384615 0.027644230769230768
3 0.1501602564102564 0.9600961538461539 0.07435897435897436 0.05841346153846154
5 0.6790064102564103 0.6179086538461539 0.09935897435897435 0.04879807692307692
5 0.8317307692307693 0.6383413461538462 0.03653846153846154 0.029326923076923077
4 0.2863782051282051 0.6021634615384616 0.032371794871794875 0.018509615384615385
3 0.30080128205128204 0.5580528846153846 0.028846153846153848 0.016346153846153847
3 0.23557692307692307 0.5667067307692307 0.026923076923076925 0.01730769230769231
3 0.2568910256410256 0.5627403846153847 0.026282051282051282 0.014903846153846155
