4 0.9578525641025641 0.11814903846153846 0.08141025641025641 0.15600961538461539
5 0.8065705128205128 0.09795673076923077 0.18878205128205128 0.15408653846153847
4 0.5142628205128205 0.34411057692307695 0.10705128205128205 0.07692307692307693
4 0.3575320512820513 0.40552884615384616 0.10705128205128205 0.0764423076923077
4 0.2517628205128205 0.43149038461538464 0.09615384615384616 0.06995192307692308
4 0.29118589743589746 0.4545673076923077 0.12467948717948718 0.09423076923076923
4 0.20240384615384616 0.5258413461538461 0.16346153846153846 0.103125
4 0.24951923076923077 0.5804086538461538 0.1762820512820513 0.1389423076923077
4 0.3995192307692308 0.4991586538461538 0.1375 0.10576923076923077
4 0.5310897435897436 0.49483173076923076 0.12692307692307692 0.103125
5 0.10272435897435897 0.4967548076923077 0.1310897435897436 0.08942307692307692
5 0.1814102564102564 0.6293269230769231 0.10673076923076923 0.07860576923076923
5 0.31842948717948716 0.6693509615384615 0.1548076923076923 0.10793269230769231
5 0.4280448717948718 0.7149038461538462 0.1362179487179487 0.09086538461538461
5 0.4235576923076923 0.8159855769230769 0.14262820512820512 0.11658653846153846
5 0.5514423076923077 0.7518028846153846 0.1375 0.10793269230769231
5 0.6131410256410257 0.7777644230769231 0.12115384615384615 0.09350961538461539
5 0.7639423076923076 0.6881009615384616 0.11057692307692307 0.08076923076923077
5 0.6897435897435897 0.6618990384615384 0.10544871794871795 0.084375
5 0.5488782051282052 0.6322115384615384 0.12628205128205128 0.09639423076923077
3 0.5959935897435897 0.557451923076923 0.12051282051282051 0.0798076923076923
5 0.5828525641025641 0.8663461538461539 0.10480769230769231 0.10264423076923077
3 0.4323717948717949 0.4561298076923077 0.0891025641025641 0.06995192307692308
5 0.5567307692307693 0.4286057692307692 0.08044871794871795 0.06033653846153846
5 0.4809294871794872 0.8594951923076923 0.10961538461538461 0.07692307692307693
5 0.5001602564102564 0.8979567307692308 0.07692307692307693 0.057692307692307696
5 0.7129807692307693 0.8763221153846154 0.026282051282051282 0.017788461538461538
