5 0.14375 0.25072115384615384 0.05352564102564102 0.04014423076923077
5 0.23685897435897435 0.3639423076923077 0.03782051282051282 0.03293269230769231
5 0.24967948717948718 0.3971153846153846 0.03974358974358974 0.02860576923076923
5 0.36762820512820515 0.37295673076923075 0.183974358974359 0.13966346153846154
5 0.5198717948717949 0.4277644230769231 0.12467948717948718 0.10144230769230769
5 0.45240384615384616 0.47091346153846153 0.16346153846153846 0.115625
5 0.6314102564102564 0.5538461538461539 0.08461538461538462 0.07139423076923077
5 0.5344551282051282 0.5662259615384615 0.14358974358974358 0.11394230769230769
5 0.5988782051282051 0.6461538461538462 0.11282051282051282 0.09615384615384616
5 0.6266025641025641 0.6985576923076923 0.1189102564102564 0.08149038461538462
4 0.9469551282051282 0.6850961538461539 0.046474358974358976 0.028846153846153848
