4 0.7203525641025641 0.22115384615384615 0.18878205128205128 0.14375
3 0.5328525641025641 0.32247596153846153 0.16314102564102564 0.13677884615384617
5 0.5671474358974359 0.4438701923076923 0.17243589743589743 0.12716346153846153
5 0.7448717948717949 0.5175480769230769 0.1503205128205128 0.11274038461538462
5 0.5974358974358974 0.5258413461538461 0.13846153846153847 0.09423076923076923
4 0.38814102564102565 0.541826923076923 0.1032051282051282 0.07908653846153846
3 0.31971153846153844 0.5915865384615384 0.08269230769230769 0.05889423076923077
4 0.484775641025641 0.6280048076923077 0.13205128205128205 0.09350961538461539
5 0.36330128205128204 0.6887019230769231 0.07660256410256411 0.0625
3 0.4641025641025641 0.7181490384615384 0.14262820512820512 0.11322115384615385
4 0.32884615384615384 0.7912259615384616 0.060897435897435896 0.059375
5 0.3935897435897436 0.7629807692307692 0.1294871794871795 0.10721153846153846
5 0.5283653846153846 0.7778846153846154 0.12435897435897436 0.09350961538461539
5 0.44471153846153844 0.8596153846153847 0.12147435897435897 0.10288461538461538
5 0.36041666666666666 0.8772836538461538 0.06378205128205128 0.056490384615384616
5 0.39807692307692305 0.9320913461538461 0.060897435897435896 0.04927884615384615
5 0.5480769230769231 0.8813701923076923 0.10961538461538461 0.08846153846153847
