4 0.6761217948717949 0.33497596153846154 0.17596153846153847 0.16610576923076922
3 0.6341346153846154 0.4419471153846154 0.14326923076923076 0.1283653846153846
4 0.5113782051282051 0.46670673076923075 0.19230769230769232 0.175
4 0.5895833333333333 0.5479567307692308 0.1625 0.13052884615384616
3 0.43157051282051284 0.5897836538461538 0.18173076923076922 0.15673076923076923
5 0.5057692307692307 0.6574519230769231 0.1439102564102564 0.13485576923076922
5 0.31330128205128205 0.6638221153846153 0.15256410256410258 0.15649038461538461
5 0.428525641025641 0.7518028846153846 0.14198717948717948 0.12524038461538461
4 0.8974358974358975 0.9194711538461539 0.046794871794871795 0.054086538461538464
4 0.9092948717948718 0.9342548076923077 0.04358974358974359 0.04110576923076923
4 0.875801282051282 0.9560096153846154 0.041025641025641026 0.047115384615384615
4 0.9543269230769231 0.9671875 0.04935897435897436 0.02860576923076923
5 0.021794871794871794 0.8902644230769231 0.04358974358974359 0.08245192307692308
5 0.03125 0.7870192307692307 0.0625 0.07956730769230769
4 0.015064102564102564 0.3996394230769231 0.03012820512820513 0.03125
4 0.006730769230769231 0.4128605769230769 0.0125 0.023076923076923078
4 0.11153846153846154 0.46298076923076925 0.05032051282051282 0.03653846153846154
3 0.10865384615384616 0.48401442307692305 0.040705128205128206 0.028365384615384615
3 0.08830128205128206 0.4921875 0.04871794871794872 0.03389423076923077
3 0.0798076923076923 0.5098557692307693 0.04326923076923077 0.026201923076923078
5 0.05512820512820513 0.5326923076923077 0.03974358974358974 0.02860576923076923
5 0.08076923076923077 0.5278846153846154 0.03685897435897436 0.020432692307692308
5 0.06698717948717949 0.5502403846153846 0.035897435897435895 0.02235576923076923
4 0.19951923076923078 0.5216346153846154 0.05897435897435897 0.04735576923076923
4 0.1482371794871795 0.5258413461538461 0.06506410256410257 0.051201923076923075
4 0.19134615384615383 0.55625 0.03205128205128205 0.041826923076923074
4 0.15384615384615385 0.557451923076923 0.058333333333333334 0.04038461538461539
3 0.11842948717948718 0.5758413461538462 0.05096153846153846 0.04807692307692308
3 0.15913461538461537 0.5838942307692307 0.03493589743589744 0.029086538461538462
5 0.1309294871794872 0.6026442307692308 0.049679487179487176 0.036778846153846155
5 0.9743589743589743 0.6453125 0.04935897435897436 0.03894230769230769
4 0.9799679487179487 0.6004807692307692 0.0391025641025641 0.06033653846153846
3 0.3216346153846154 0.09603365384615385 0.04455128205128205 0.04278846153846154
5 0.18237179487179486 0.10048076923076923 0.040705128205128206 0.04230769230769231
5 0.1517628205128205 0.16334134615384616 0.030448717948717948 0.024278846153846154
5 0.3556089743589744 0.14615384615384616 0.041346153846153845 0.04014423076923077
5 0.12099358974358974 0.21021634615384616 0.03173076923076923 0.03245192307692308
5 0.21762820512820513 0.17740384615384616 0.03205128205128205 0.04326923076923077
5 0.2719551282051282 0.16105769230769232 0.040705128205128206 0.03341346153846154
5 0.17692307692307693 0.21454326923076922 0.033012820512820513 0.025721153846153845
5 0.14887820512820513 0.2219951923076923 0.027884615384615386 0.029086538461538462
5 0.26137820512820514 0.18954326923076922 0.03012820512820513 0.04230769230769231
5 0.3213141025641026 0.18858173076923077 0.03717948717948718 0.039663461538461536
5 0.3607371794871795 0.18629807692307693 0.041025641025641026 0.0375
5 0.1983974358974359 0.20036057692307693 0.035897435897435895 0.02860576923076923
5 0.3227564102564103 0.21574519230769232 0.03012820512820513 0.030528846153846153
5 0.5639423076923077 0.14819711538461539 0.032692307692307694 0.036298076923076926
5 0.5350961538461538 0.17704326923076924 0.03205128205128205 0.032692307692307694
3 0.6081730769230769 0.16045673076923078 0.038141025641025644 0.035576923076923075
5 0.5772435897435897 0.17608173076923078 0.03108974358974359 0.031971153846153844
5 0.6318910256410256 0.13064903846153847 0.03108974358974359 0.03221153846153846
5 0.5498397435897436 0.2013221153846154 0.03012820512820513 0.02980769230769231
5 0.5267628205128205 0.2078125 0.022756410256410255 0.023317307692307693
5 0.2014423076923077 0.17764423076923078 0.028846153846153848 0.041826923076923074
5 0.7041666666666667 0.16382211538461539 0.02564102564102564 0.025
4 0.05977564102564103 0.8145432692307693 0.03685897435897436 0.027884615384615386
4 0.07115384615384615 0.8349759615384615 0.03493589743589744 0.02860576923076923
3 0.055608974358974356 0.8396634615384615 0.02564102564102564 0.026682692307692307
