5 0.9174679487179487 0.2076923076923077 0.15544871794871795 0.12451923076923077
4 0.2791666666666667 0.31466346153846153 0.1519230769230769 0.11298076923076923
4 0.7378205128205129 0.3579326923076923 0.18525641025641026 0.13846153846153847
3 0.175 0.40108173076923076 0.12756410256410255 0.08942307692307692
5 0.2916666666666667 0.42536057692307694 0.12243589743589743 0.08918269230769231
3 0.8533653846153846 0.4528846153846154 0.1798076923076923 0.13004807692307693
5 0.2548076923076923 0.5274038461538462 0.11121794871794871 0.08076923076923077
5 0.7759615384615385 0.5308894230769231 0.11153846153846154 0.1
5 0.6915064102564102 0.5419471153846154 0.1641025641025641 0.1266826923076923
5 0.7350961538461539 0.6401442307692308 0.1423076923076923 0.1
5 0.7977564102564103 0.6336538461538461 0.07660256410256411 0.08557692307692308
4 0.14423076923076922 0.6368990384615385 0.09743589743589744 0.07115384615384615
4 0.06009615384615385 0.6997596153846154 0.11089743589743589 0.08076923076923077
4 0.15897435897435896 0.6783653846153846 0.10096153846153846 0.06634615384615385
3 0.19471153846153846 0.7239182692307692 0.09519230769230769 0.06947115384615385
5 0.19118589743589742 0.7788461538461539 0.07692307692307693 0.05456730769230769
5 0.18237179487179486 0.8336538461538462 0.07628205128205129 0.057451923076923074
5 0.12099358974358974 0.7893028846153847 0.08814102564102565 0.06923076923076923
