5 0.05657051282051282 0.034735576923076925 0.08044871794871795 0.06322115384615384
4 0.6145833333333334 0.31310096153846156 0.10897435897435898 0.07956730769230769
5 0.49006410256410254 0.3582932692307692 0.12275641025641025 0.09230769230769231
3 0.4427884615384615 0.4028846153846154 0.09967948717948719 0.07115384615384615
4 0.3596153846153846 0.44759615384615387 0.09615384615384616 0.05336538461538461
3 0.35352564102564105 0.39615384615384613 0.0955128205128205 0.06634615384615385
3 0.5019230769230769 0.4204326923076923 0.08141025641025641 0.05360576923076923
3 0.5838141025641026 0.43197115384615387 0.09391025641025641 0.07259615384615385
5 0.6479166666666667 0.4090144230769231 0.08557692307692308 0.04110576923076923
5 0.6990384615384615 0.4545673076923077 0.06025641025641026 0.05096153846153846
5 0.6418269230769231 0.4872596153846154 0.0967948717948718 0.06298076923076923
5 0.5331730769230769 0.46814903846153844 0.07596153846153846 0.05432692307692308
5 0.6950320512820513 0.5046875 0.06314102564102564 0.04567307692307692
5 0.5759615384615384 0.5074519230769231 0.06634615384615385 0.03798076923076923
5 0.6150641025641026 0.5395432692307692 0.06217948717948718 0.05576923076923077
5 0.5729166666666666 0.5568509615384616 0.09967948717948719 0.06947115384615385
5 0.6003205128205128 0.6182692307692308 0.07756410256410257 0.06370192307692307
4 0.5041666666666667 0.9848557692307692 0.10064102564102564 0.029086538461538462
5 0.45625 0.4625 0.07852564102564102 0.051923076923076926
5 0.2403846153846154 0.4639423076923077 0.1092948717948718 0.07067307692307692
5 0.3626602564102564 0.5080528846153847 0.09038461538461538 0.05985576923076923
5 0.3658653846153846 0.5474759615384616 0.08717948717948718 0.05096153846153846
5 0.4357371794871795 0.5824519230769231 0.07532051282051282 0.054086538461538464
5 0.3817307692307692 0.6341346153846154 0.04487179487179487 0.034375
5 0.36330128205128204 0.6042067307692308 0.08205128205128205 0.05721153846153846
5 0.31314102564102564 0.5796875 0.0810897435897436 0.056490384615384616
5 0.21618589743589745 0.5945913461538461 0.06346153846153846 0.02860576923076923
5 0.07179487179487179 0.6727163461538461 0.07564102564102564 0.05480769230769231
5 0.20673076923076922 0.5587740384615385 0.09807692307692308 0.06466346153846154
5 0.18205128205128204 0.50625 0.032371794871794875 0.029326923076923077
3 0.11955128205128206 0.4854567307692308 0.041666666666666664 0.03125
5 0.07179487179487179 0.46153846153846156 0.03493589743589744 0.028125
5 0.03157051282051282 0.45685096153846155 0.04006410256410257 0.029326923076923077
5 0.08830128205128206 0.4294471153846154 0.04006410256410257 0.027403846153846154
5 0.10176282051282051 0.3890625 0.04294871794871795 0.03221153846153846
5 0.047115384615384615 0.3858173076923077 0.04358974358974359 0.03245192307692308
3 0.06201923076923077 0.33016826923076925 0.05128205128205128 0.032692307692307694
5 0.015544871794871795 0.3479567307692308 0.03108974358974359 0.029086538461538462
5 0.1424679487179487 0.3425480769230769 0.03365384615384615 0.02403846153846154
5 0.10048076923076923 0.3289663461538462 0.033012820512820513 0.023798076923076922
5 0.11089743589743589 0.2683894230769231 0.03461538461538462 0.025240384615384616
5 0.07532051282051282 0.28052884615384616 0.03173076923076923 0.022115384615384617
5 0.09647435897435898 0.30432692307692305 0.03173076923076923 0.021875
4 0.06955128205128205 0.26742788461538464 0.033012820512820513 0.023317307692307693
5 0.10705128205128205 0.35384615384615387 0.03205128205128205 0.023798076923076922
5 0.013461538461538462 0.375 0.026923076923076925 0.04471153846153846
5 0.45913461538461536 0.2888221153846154 0.01858974358974359 0.026682692307692307
3 0.4724358974358974 0.2703125 0.0342948717948718 0.017548076923076923
