4 0.28365384615384615 0.6060096153846154 0.15128205128205127 0.11394230769230769
3 0.12580128205128205 0.6395432692307692 0.14775641025641026 0.10528846153846154
5 0.24887820512820513 0.7090144230769231 0.13814102564102565 0.11394230769230769
5 0.375 0.7116586538461539 0.1233974358974359 0.10961538461538461
4 0.5004807692307692 0.6967548076923077 0.13685897435897437 0.11394230769230769
5 0.604326923076923 0.7271634615384616 0.0907051282051282 0.07764423076923077
5 0.6591346153846154 0.698076923076923 0.10480769230769231 0.0920673076923077
5 0.586698717948718 0.6188701923076924 0.12884615384615383 0.09783653846153846
4 0.6073717948717948 0.512860576923077 0.13173076923076923 0.11225961538461539
4 0.6434294871794872 0.36177884615384615 0.16762820512820512 0.12451923076923077
5 0.7025641025641025 0.5349759615384615 0.11346153846153846 0.075
4 0.7200320512820513 0.6036057692307693 0.1439102564102564 0.11177884615384616
5 0.9057692307692308 0.6840144230769231 0.046153846153846156 0.041346153846153845
4 0.933974358974359 0.7319711538461539 0.052243589743589745 0.035096153846153846
4 0.9142628205128205 0.746875 0.05737179487179487 0.045432692307692306
4 0.9801282051282051 0.7207932692307693 0.038141025641025644 0.04639423076923077
3 0.9887820512820513 0.7564903846153846 0.021794871794871794 0.04519230769230769
5 0.9527243589743589 0.7692307692307693 0.05641025641025641 0.04158653846153846
5 0.9759615384615384 0.8204326923076923 0.047435897435897434 0.047115384615384615
4 0.40849358974358974 0.31033653846153847 0.03974358974358974 0.0375
4 0.19407051282051282 0.8501201923076923 0.03205128205128205 0.03076923076923077
3 0.1700320512820513 0.8555288461538462 0.032692307692307694 0.02956730769230769
5 0.20993589743589744 0.7856971153846154 0.023717948717948717 0.02139423076923077
5 0.191025641025641 0.7858173076923077 0.022756410256410255 0.021634615384615384
