4 0.5535256410256411 0.16995192307692308 0.20448717948717948 0.1764423076923077
5 0.5774038461538461 0.05024038461538462 0.055448717948717946 0.04110576923076923
5 0.6368589743589743 0.028245192307692308 0.055448717948717946 0.04591346153846154
5 0.06201923076923077 0.2625 0.06346153846153846 0.04375
5 0.02451923076923077 0.3256009615384615 0.04903846153846154 0.03894230769230769
5 0.07083333333333333 0.33581730769230766 0.047115384615384615 0.03413461538461538
5 0.015384615384615385 0.14350961538461537 0.03076923076923077 0.051923076923076926
5 0.011378205128205128 0.21899038461538461 0.021474358974358974 0.04230769230769231
4 0.5290064102564103 0.3348557692307692 0.1519230769230769 0.15504807692307693
4 0.6213141025641026 0.3638221153846154 0.23173076923076924 0.18173076923076922
4 0.6474358974358975 0.5132211538461539 0.19455128205128205 0.140625
4 0.29134615384615387 0.715625 0.15673076923076923 0.12259615384615384
4 0.41394230769230766 0.7667067307692308 0.1560897435897436 0.11754807692307692
5 0.5110576923076923 0.675 0.11602564102564103 0.1
3 0.63125 0.6745192307692308 0.16185897435897437 0.11923076923076924
5 0.541826923076923 0.7528846153846154 0.11025641025641025 0.08653846153846154
5 0.607852564102564 0.8485576923076923 0.1189102564102564 0.10048076923076923
