4 0.63125 0.4221153846153846 0.1467948717948718 0.11394230769230769
3 0.25993589743589746 0.4411057692307692 0.12884615384615383 0.08990384615384615
3 0.45897435897435895 0.49423076923076925 0.11538461538461539 0.08509615384615385
5 0.05977564102564103 0.40384615384615385 0.11826923076923077 0.08509615384615385
5 0.6336538461538461 0.5794471153846154 0.10961538461538461 0.08461538461538462
5 0.4751602564102564 0.5929086538461539 0.0919871794871795 0.07283653846153847
5 0.6400641025641025 0.7145432692307693 0.0967948717948718 0.07163461538461538
5 0.48862179487179486 0.7094951923076923 0.07564102564102564 0.058173076923076925
5 0.6493589743589744 0.7760817307692308 0.07435897435897436 0.054086538461538464
3 0.13557692307692307 0.7453125 0.05128205128205128 0.03653846153846154
3 0.20096153846153847 0.7925480769230769 0.052884615384615384 0.039663461538461536
5 0.14471153846153847 0.8496394230769231 0.05512820512820513 0.04158653846153846
4 0.3815705128205128 0.8674278846153847 0.03782051282051282 0.03413461538461538
4 0.38044871794871793 0.9274038461538462 0.04006410256410257 0.0375
3 0.367948717948718 0.9157451923076924 0.03205128205128205 0.03028846153846154
4 0.3729166666666667 0.9658653846153846 0.041346153846153845 0.03918269230769231
4 0.5477564102564103 0.9680288461538461 0.05032051282051282 0.038461538461538464
4 0.5059294871794872 0.9788461538461538 0.041666666666666664 0.04014423076923077
3 0.484775641025641 0.9311298076923077 0.041346153846153845 0.03822115384615385
3 0.43157051282051284 0.9546875 0.041987179487179484 0.03653846153846154
3 0.4065705128205128 0.9848557692307692 0.0375 0.02956730769230769
4 0.492948717948718 0.9030048076923077 0.04006410256410257 0.03533653846153846
4 0.6163461538461539 0.8364182692307692 0.030448717948717948 0.026201923076923078
3 0.46634615384615385 0.8955528846153846 0.02980769230769231 0.03221153846153846
5 0.5815705128205129 0.9257211538461538 0.025961538461538463 0.023317307692307693
5 0.5431089743589743 0.8854567307692308 0.026282051282051282 0.020913461538461537
5 0.5166666666666667 0.9215144230769231 0.03653846153846154 0.026442307692307692
5 0.2248397435897436 0.79375 0.028205128205128206 0.02980769230769231
5 0.22532051282051282 0.47307692307692306 0.0907051282051282 0.05456730769230769
5 0.20112179487179488 0.5096153846153846 0.07467948717948718 0.046875
5 0.04823717948717949 0.46045673076923077 0.09038461538461538 0.05576923076923077
3 0.027564102564102563 0.8375 0.0532051282051282 0.04230769230769231
5 0.08189102564102564 0.8701923076923077 0.05096153846153846 0.03822115384615385
5 0.07852564102564102 0.7960336538461539 0.049679487179487176 0.03533653846153846
5 0.1501602564102564 0.8888221153846154 0.04391025641025641 0.031971153846153844
5 0.07564102564102564 0.9254807692307693 0.04391025641025641 0.03389423076923077
5 0.5807692307692308 0.9650240384615385 0.02532051282051282 0.025
