3 0.5634615384615385 0.3448317307692308 0.14967948717948718 0.11225961538461539
4 0.28044871794871795 0.35865384615384616 0.19166666666666668 0.14759615384615385
3 0.4823717948717949 0.4366586538461538 0.15673076923076923 0.11177884615384616
5 0.4862179487179487 0.5908653846153846 0.15384615384615385 0.10841346153846154
5 0.4985576923076923 0.7239182692307692 0.12564102564102564 0.10264423076923077
5 0.31474358974358974 0.6996394230769231 0.16346153846153846 0.11778846153846154
5 0.31650641025641024 0.7944711538461539 0.14294871794871794 0.09423076923076923
5 0.4674679487179487 0.8039663461538461 0.11538461538461539 0.08653846153846154
5 0.39326923076923076 0.8574519230769231 0.07147435897435897 0.057692307692307696
5 0.3014423076923077 0.8794471153846154 0.10384615384615385 0.08052884615384616
5 0.06602564102564103 0.8729567307692307 0.055448717948717946 0.04399038461538462
3 0.1330128205128205 0.8168269230769231 0.04391025641025641 0.03653846153846154
3 0.05384615384615385 0.7860576923076923 0.052243589743589745 0.03701923076923077
5 0.08157051282051282 0.30625 0.041346153846153845 0.031971153846153844
5 0.12163461538461538 0.3561298076923077 0.03878205128205128 0.027644230769230768
5 0.13413461538461538 0.3861778846153846 0.03717948717948718 0.025240384615384616
5 0.04503205128205128 0.37235576923076924 0.04326923076923077 0.030048076923076924
5 0.03445512820512821 0.35204326923076923 0.03974358974358974 0.024759615384615383
5 0.08044871794871795 0.40252403846153845 0.035897435897435895 0.027884615384615386
5 0.11762820512820513 0.4252403846153846 0.032692307692307694 0.02235576923076923
5 0.013621794871794872 0.4026442307692308 0.027243589743589744 0.02956730769230769
5 0.12371794871794872 0.7105769230769231 0.030448717948717948 0.023317307692307693
4 0.11602564102564103 0.6932692307692307 0.033012820512820513 0.023798076923076922
5 0.1655448717948718 0.8700721153846154 0.03942307692307692 0.036298076923076926
5 0.06826923076923076 0.8306490384615385 0.04935897435897436 0.03581730769230769
5 0.01971153846153846 0.8794471153846154 0.03942307692307692 0.04158653846153846
4 0.011378205128205128 0.854326923076923 0.022756410256410255 0.039663461538461536
5 0.19022435897435896 0.7861778846153846 0.03461538461538462 0.024759615384615383
5 0.1373397435897436 0.9133413461538461 0.04006410256410257 0.031971153846153844
5 0.07708333333333334 0.9649038461538462 0.04391025641025641 0.038461538461538464
5 0.11602564102564103 0.9633413461538461 0.0391025641025641 0.03533653846153846
3 0.13958333333333334 0.7737980769230769 0.026282051282051282 0.02548076923076923
