5 0.2815705128205128 0.24459134615384615 0.12051282051282051 0.09254807692307693
4 0.4966346153846154 0.24807692307692308 0.14775641025641026 0.11610576923076923
4 0.49439102564102566 0.3659855769230769 0.15384615384615385 0.15120192307692307
4 0.1842948717948718 0.3449519230769231 0.20544871794871794 0.15360576923076924
4 0.8548076923076923 0.4780048076923077 0.2724358974358974 0.1971153846153846
4 0.18108974358974358 0.49459134615384615 0.1503205128205128 0.12355769230769231
4 0.6990384615384615 0.5228365384615384 0.18237179487179486 0.15360576923076924
3 0.36041666666666666 0.5455528846153846 0.1503205128205128 0.11706730769230769
4 0.509775641025641 0.5859375 0.20801282051282052 0.15408653846153847
3 0.6469551282051282 0.6116586538461538 0.16538461538461538 0.13149038461538462
5 0.2267628205128205 0.6245192307692308 0.15064102564102563 0.11081730769230769
5 0.4979166666666667 0.7122596153846154 0.17115384615384616 0.11778846153846154
5 0.6908653846153846 0.7306490384615385 0.15897435897435896 0.13028846153846155
3 0.07131410256410256 0.7301682692307693 0.061217948717948716 0.05600961538461539
5 0.05913461538461538 0.7877403846153846 0.0891025641025641 0.06682692307692308
