5 0.3921474358974359 0.1639423076923077 0.16025641025641027 0.12716346153846153
5 0.7304487179487179 0.24519230769230768 0.17051282051282052 0.12620192307692307
5 0.6996794871794871 0.3245192307692308 0.11121794871794871 0.0733173076923077
5 0.3269230769230769 0.27584134615384615 0.13557692307692307 0.10793269230769231
5 0.6644230769230769 0.40240384615384617 0.1326923076923077 0.10096153846153846
5 0.5161858974358975 0.3641826923076923 0.14262820512820512 0.10913461538461539
5 0.33830128205128207 0.3721153846153846 0.14326923076923076 0.11538461538461539
4 0.9453525641025641 0.43954326923076925 0.0983974358974359 0.06850961538461539
4 0.9482371794871794 0.48257211538461536 0.08205128205128205 0.03317307692307692
5 0.6330128205128205 0.453125 0.10128205128205128 0.06322115384615384
5 0.36955128205128207 0.44326923076923075 0.10993589743589743 0.07163461538461538
4 0.22708333333333333 0.4360576923076923 0.18173076923076922 0.13413461538461538
5 0.391025641025641 0.5269230769230769 0.12532051282051282 0.09903846153846153
3 0.23557692307692307 0.5448317307692307 0.1576923076923077 0.10528846153846154
5 0.5493589743589744 0.5359375 0.1125 0.08822115384615385
5 0.9360576923076923 0.5610576923076923 0.0798076923076923 0.05456730769230769
5 0.5573717948717949 0.6151442307692307 0.06987179487179487 0.07379807692307692
5 0.47628205128205126 0.6125 0.1233974358974359 0.09302884615384616
5 0.9293269230769231 0.6004807692307692 0.07435897435897436 0.04278846153846154
5 0.9448717948717948 0.6376201923076923 0.06794871794871794 0.04375
5 0.9764423076923077 0.6836538461538462 0.04551282051282051 0.03701923076923077
5 0.9573717948717949 0.6894230769230769 0.040705128205128206 0.031009615384615385
5 0.4128205128205128 0.6763221153846154 0.022115384615384617 0.02139423076923077
5 0.477724358974359 0.7007211538461539 0.05416666666666667 0.04326923076923077
5 0.22131410256410255 0.7012019230769231 0.13525641025641025 0.10096153846153846
5 0.25064102564102564 0.7501201923076923 0.08782051282051281 0.05985576923076923
5 0.28910256410256413 0.7907451923076924 0.10673076923076923 0.0764423076923077
5 0.3171474358974359 0.8105769230769231 0.0842948717948718 0.06634615384615385
5 0.272275641025641 0.8405048076923077 0.05416666666666667 0.03990384615384615
