5 0.41426282051282054 0.31286057692307695 0.13205128205128205 0.12259615384615384
5 0.1778846153846154 0.31514423076923076 0.13685897435897437 0.12091346153846154
5 0.2503205128205128 0.3969951923076923 0.11762820512820513 0.10841346153846154
5 0.4548076923076923 0.41838942307692306 0.10480769230769231 0.09711538461538462
5 0.8435897435897436 0.24435096153846153 0.03974358974358974 0.03245192307692308
5 0.8157051282051282 0.2566105769230769 0.035576923076923075 0.03293269230769231
5 0.874198717948718 0.25540865384615385 0.03397435897435897 0.032692307692307694
5 0.7871794871794872 0.2673076923076923 0.026923076923076925 0.023557692307692307
5 0.6974358974358974 0.4037259615384615 0.09262820512820513 0.09350961538461539
5 0.5677884615384615 0.44326923076923075 0.08333333333333333 0.08413461538461539
5 0.7173076923076923 0.4782451923076923 0.07756410256410257 0.07932692307692307
5 0.32916666666666666 0.41754807692307694 0.03205128205128205 0.036778846153846155
5 0.35384615384615387 0.44759615384615387 0.03205128205128205 0.028125
5 0.43637820512820513 0.4907451923076923 0.03365384615384615 0.026442307692307692
5 0.37564102564102564 0.48533653846153846 0.0342948717948718 0.03076923076923077
5 0.4016025641025641 0.5200721153846154 0.03173076923076923 0.03028846153846154
5 0.46810897435897436 0.5228365384615384 0.017628205128205128 0.01971153846153846
5 0.4543269230769231 0.5526442307692307 0.017628205128205128 0.017548076923076923
5 0.27323717948717946 0.512860576923077 0.07435897435897436 0.059375
5 0.3858974358974359 0.5865384615384616 0.01891025641025641 0.01201923076923077
5 0.28685897435897434 0.5746394230769231 0.06987179487179487 0.06466346153846154
5 0.23125 0.6078125 0.05705128205128205 0.055288461538461536
5 0.31794871794871793 0.6384615384615384 0.032692307692307694 0.030048076923076924
5 0.2815705128205128 0.6396634615384615 0.04455128205128205 0.03245192307692308
5 0.5613782051282051 0.7257211538461539 0.04487179487179487 0.04399038461538462
5 0.5594551282051282 0.7699519230769231 0.04358974358974359 0.041826923076923074
5 0.5551282051282052 0.8027644230769231 0.03685897435897436 0.02980769230769231
5 0.6189102564102564 0.7532451923076923 0.04455128205128205 0.03774038461538461
5 0.628525641025641 0.7076923076923077 0.04455128205128205 0.04038461538461539
5 0.6586538461538461 0.7229567307692307 0.04391025641025641 0.048317307692307694
5 0.7038461538461539 0.7150240384615385 0.04358974358974359 0.04278846153846154
5 0.7415064102564103 0.771875 0.041346153846153845 0.032692307692307694
4 0.8684294871794872 0.8776442307692308 0.07692307692307693 0.06899038461538462
5 0.9177884615384615 0.2173076923076923 0.028525641025641025 0.03173076923076923
5 0.4592948717948718 0.9268028846153846 0.032692307692307694 0.025
4 0.4708333333333333 0.8554086538461538 0.03141025641025641 0.026442307692307692
4 0.40897435897435896 0.9576923076923077 0.02532051282051282 0.023557692307692307
4 0.3783653846153846 0.9794471153846154 0.029166666666666667 0.018990384615384614
4 0.38092948717948716 0.9890625 0.0375 0.020913461538461537
5 0.45576923076923076 0.989423076923077 0.029487179487179487 0.020432692307692308
4 0.36698717948717946 0.9817307692307692 0.027243589743589744 0.027884615384615386
5 0.047275641025641024 0.8524038461538461 0.03141025641025641 0.024278846153846154
5 0.07724358974358975 0.8864182692307693 0.03397435897435897 0.02451923076923077
5 0.13044871794871796 0.91875 0.027884615384615386 0.01875
5 0.05384615384615385 0.9556490384615385 0.03205128205128205 0.025721153846153845
5 0.11137820512820513 0.91875 0.020192307692307693 0.018028846153846152
5 0.11538461538461539 0.9353365384615384 0.022435897435897436 0.01610576923076923
5 0.5931089743589744 0.8463942307692308 0.035897435897435895 0.03533653846153846
5 0.6230769230769231 0.8592548076923077 0.032371794871794875 0.031971153846153844
5 0.7546474358974359 0.8123798076923077 0.03141025641025641 0.019471153846153846
