5 0.7282051282051282 0.03894230769230769 0.11474358974358974 0.07764423076923077
5 0.6873397435897436 0.09807692307692308 0.08205128205128205 0.07211538461538461
5 0.6591346153846154 0.13076923076923078 0.032692307692307694 0.025721153846153845
4 0.5575320512820513 0.13954326923076923 0.11474358974358974 0.1
4 0.36041666666666666 0.1609375 0.09423076923076923 0.08245192307692308
4 0.5264423076923077 0.2127403846153846 0.09391025641025641 0.08942307692307692
4 0.4703525641025641 0.2407451923076923 0.07852564102564102 0.08197115384615385
4 0.32051282051282054 0.24747596153846155 0.1189102564102564 0.09399038461538461
3 0.3592948717948718 0.3002403846153846 0.11025641025641025 0.07067307692307692
3 0.32580128205128206 0.3473557692307692 0.11794871794871795 0.09038461538461538
5 0.4567307692307692 0.3141826923076923 0.09102564102564102 0.07019230769230769
5 0.4153846153846154 0.35877403846153844 0.07692307692307693 0.04519230769230769
5 0.43493589743589745 0.39411057692307694 0.09871794871794871 0.07163461538461538
5 0.347275641025641 0.42175480769230766 0.10064102564102564 0.06875
5 0.3767628205128205 0.4417067307692308 0.07435897435897436 0.052403846153846155
5 0.43189102564102566 0.4461538461538462 0.060897435897435896 0.04567307692307692
5 0.43974358974358974 0.49435096153846153 0.09391025641025641 0.06875
5 0.3852564102564103 0.49567307692307694 0.04230769230769231 0.052884615384615384
4 0.08814102564102565 0.4091346153846154 0.038141025641025644 0.02451923076923077
5 0.42083333333333334 0.5483173076923077 0.07884615384615384 0.05432692307692308
5 0.3342948717948718 0.5650240384615385 0.06891025641025642 0.04903846153846154
5 0.3796474358974359 0.59375 0.057692307692307696 0.046875
5 0.9863782051282052 0.9275240384615384 0.026923076923076925 0.054086538461538464
4 0.4280448717948718 0.7742788461538461 0.11955128205128206 0.09495192307692307
4 0.5020833333333333 0.7574519230769231 0.07019230769230769 0.05793269230769231
4 0.604326923076923 0.8132211538461539 0.08141025641025641 0.07860576923076923
4 0.538301282051282 0.8234375 0.11858974358974358 0.096875
4 0.5182692307692308 0.9268028846153846 0.14134615384615384 0.11850961538461538
4 0.029006410256410257 0.6198317307692308 0.05737179487179487 0.048317307692307694
4 0.07003205128205128 0.5848557692307692 0.058333333333333334 0.03822115384615385
