3 0.6915064102564102 0.0842548076923077 0.258974358974359 0.16778846153846153
5 0.8048076923076923 0.23365384615384616 0.16634615384615384 0.13197115384615385
5 0.41586538461538464 0.3889423076923077 0.1596153846153846 0.16201923076923078
5 0.6506410256410257 0.44314903846153847 0.14615384615384616 0.10697115384615384
5 0.5834935897435898 0.5014423076923077 0.11987179487179488 0.07427884615384615
5 0.3796474358974359 0.5384615384615384 0.10705128205128205 0.06201923076923077
5 0.5394230769230769 0.5811298076923077 0.22532051282051282 0.16899038461538463
5 0.39775641025641023 0.6025240384615385 0.15256410256410258 0.12884615384615383
5 0.31794871794871793 0.6252403846153847 0.046474358974358976 0.05024038461538462
5 0.5363782051282051 0.6966346153846154 0.11185897435897436 0.07764423076923077
5 0.4519230769230769 0.6686298076923077 0.0967948717948718 0.050721153846153846
5 0.3439102564102564 0.7012019230769231 0.05641025641025641 0.039663461538461536
4 0.10368589743589744 0.7073317307692307 0.20737179487179488 0.16995192307692308
5 0.530448717948718 0.7876201923076923 0.18974358974358974 0.14975961538461538
4 0.9809294871794871 0.7474759615384615 0.03685897435897436 0.09471153846153846
4 0.9700320512820513 0.7747596153846154 0.058333333333333334 0.09783653846153846
5 0.13125 0.928125 0.12275641025641025 0.10913461538461539
5 0.035576923076923075 0.9538461538461539 0.06987179487179487 0.09158653846153846
