5 0.37275641025641026 0.4296875 0.11987179487179488 0.08990384615384615
3 0.16682692307692307 0.4389423076923077 0.14743589743589744 0.09615384615384616
5 0.2552884615384615 0.5536057692307692 0.12179487179487179 0.084375
4 0.5439102564102564 0.7116586538461539 0.08846153846153847 0.05985576923076923
5 0.3251602564102564 0.6020432692307692 0.09711538461538462 0.07379807692307692
5 0.3998397435897436 0.6114182692307693 0.052884615384615384 0.04278846153846154
5 0.43814102564102564 0.5739182692307693 0.07403846153846154 0.054086538461538464
3 0.45064102564102565 0.5032451923076923 0.038461538461538464 0.027403846153846154
5 0.9637820512820513 0.6288461538461538 0.07115384615384615 0.05985576923076923
4 0.6267628205128205 0.7085336538461539 0.08044871794871795 0.05456730769230769
5 0.5879807692307693 0.7389423076923077 0.041666666666666664 0.036057692307692304
5 0.5317307692307692 0.7586538461538461 0.0798076923076923 0.052403846153846155
5 0.7567307692307692 0.6640625 0.04807692307692308 0.03701923076923077
3 0.7480769230769231 0.7152644230769231 0.09615384615384616 0.07788461538461539
5 0.8275641025641025 0.7201923076923077 0.06378205128205128 0.04951923076923077
5 0.7786858974358974 0.7913461538461538 0.06634615384615385 0.05456730769230769
5 0.9392628205128205 0.7704326923076923 0.11698717948717949 0.08918269230769231
