5 0.3019230769230769 0.20961538461538462 0.1032051282051282 0.09254807692307693
5 0.28910256410256413 0.2566105769230769 0.07147435897435897 0.051923076923076926
5 0.46282051282051284 0.1828125 0.07211538461538461 0.09567307692307692
5 0.5461538461538461 0.17451923076923076 0.1641025641025641 0.13485576923076922
5 0.6102564102564103 0.2360576923076923 0.06185897435897436 0.05721153846153846
4 0.6818910256410257 0.1986778846153846 0.12564102564102564 0.10048076923076923
5 0.5458333333333333 0.24411057692307692 0.09134615384615384 0.028846153846153848
4 0.3852564102564103 0.2854567307692308 0.06474358974358975 0.06947115384615385
4 0.36506410256410254 0.35588942307692306 0.07916666666666666 0.07596153846153846
5 0.32227564102564105 0.3969951923076923 0.057692307692307696 0.059375
5 0.5421474358974359 0.29615384615384616 0.10480769230769231 0.08221153846153846
5 0.5761217948717948 0.31310096153846156 0.06794871794871794 0.05841346153846154
5 0.5317307692307692 0.3914663461538462 0.0641025641025641 0.05625
5 0.579647435897436 0.40697115384615384 0.08333333333333333 0.06634615384615385
4 0.2453525641025641 0.5010817307692308 0.11121794871794871 0.07211538461538461
5 0.28878205128205126 0.5566105769230769 0.07307692307692308 0.055288461538461536
5 0.1328525641025641 0.5605769230769231 0.07724358974358975 0.04927884615384615
4 0.15833333333333333 0.5972355769230769 0.12371794871794872 0.08942307692307692
4 0.21875 0.6162259615384615 0.0685897435897436 0.06802884615384615
5 0.3262820512820513 0.612139423076923 0.06442307692307692 0.04519230769230769
3 0.24423076923076922 0.6733173076923077 0.1016025641025641 0.06995192307692308
3 0.1371794871794872 0.6324519230769231 0.10416666666666667 0.06346153846153846
5 0.12772435897435896 0.6621394230769231 0.07211538461538461 0.026442307692307692
5 0.3889423076923077 0.6459134615384615 0.08141025641025641 0.06201923076923077
5 0.22067307692307692 0.7213942307692308 0.05032051282051282 0.041346153846153845
5 0.2267628205128205 0.744951923076923 0.029166666666666667 0.01730769230769231
5 0.41907051282051283 0.7165865384615384 0.07724358974358975 0.06274038461538461
5 0.3886217948717949 0.7478365384615384 0.05929487179487179 0.047115384615384615
5 0.2879807692307692 0.7743990384615385 0.07115384615384615 0.05552884615384615
3 0.03076923076923077 0.7161057692307692 0.06153846153846154 0.04519230769230769
5 0.03974358974358974 0.6852163461538462 0.05929487179487179 0.03317307692307692
5 0.03108974358974359 0.7411057692307692 0.051923076923076926 0.02956730769230769
4 0.02403846153846154 0.6556490384615384 0.04807692307692308 0.04350961538461538
5 0.34326923076923077 0.8828125 0.04455128205128205 0.048317307692307694
5 0.18044871794871795 0.28521634615384617 0.05096153846153846 0.03461538461538462
5 0.1517628205128205 0.30504807692307695 0.04358974358974359 0.031971153846153844
