3 0.3852564102564103 0.4908653846153846 0.1762820512820513 0.13197115384615385
5 0.39775641025641023 0.38185096153846154 0.12916666666666668 0.10793269230769231
5 0.4461538461538462 0.5301682692307692 0.12692307692307692 0.10649038461538461
5 0.4969551282051282 0.5544471153846153 0.0983974358974359 0.08605769230769231
3 0.6333333333333333 0.5014423076923077 0.21378205128205127 0.1326923076923077
5 0.6368589743589743 0.5704326923076923 0.14615384615384616 0.052403846153846155
5 0.5913461538461539 0.6528846153846154 0.16025641025641027 0.11875
5 0.7001602564102564 0.6455528846153846 0.10673076923076923 0.096875
5 0.583173076923077 0.7549278846153846 0.1310897435897436 0.09471153846153846
5 0.5918269230769231 0.8450721153846154 0.11698717948717949 0.09350961538461539
4 0.3546474358974359 0.877764423076923 0.05 0.05336538461538461
5 0.655448717948718 0.86875 0.09038461538461538 0.0829326923076923
5 0.7267628205128205 0.8294471153846154 0.11185897435897436 0.08389423076923076
4 0.8155448717948718 0.6846153846153846 0.075 0.051201923076923075
3 0.7317307692307692 0.7502403846153847 0.06794871794871794 0.050721153846153846
4 0.7730769230769231 0.7939903846153846 0.07628205128205129 0.045432692307692306
5 0.8807692307692307 0.9502403846153846 0.05064102564102564 0.05600961538461539
4 0.7998397435897436 0.8480769230769231 0.06346153846153846 0.06634615384615385
5 0.03493589743589744 0.35108173076923077 0.04775641025641025 0.036778846153846155
