4 0.49439102564102566 0.48497596153846156 0.14775641025641026 0.09903846153846153
4 0.6033653846153846 0.5121394230769231 0.11314102564102564 0.0625
4 0.45064102564102565 0.5293269230769231 0.08141025641025641 0.07692307692307693
4 0.544551282051282 0.5852163461538461 0.1596153846153846 0.1266826923076923
4 0.5458333333333333 0.7012019230769231 0.1519230769230769 0.11658653846153846
3 0.6110576923076924 0.7717548076923076 0.12179487179487179 0.09711538461538462
3 0.6155448717948718 0.6455528846153846 0.0967948717948718 0.08725961538461538
4 0.12804487179487178 0.5239182692307692 0.0955128205128205 0.06610576923076923
4 0.22564102564102564 0.5490384615384616 0.0891025641025641 0.06466346153846154
3 0.14342948717948717 0.5729567307692308 0.08205128205128205 0.05504807692307692
3 0.22596153846153846 0.6052884615384615 0.07692307692307693 0.054086538461538464
