4 0.5677884615384615 0.5215144230769231 0.18974358974358974 0.1389423076923077
4 0.42275641025641025 0.6758413461538462 0.16185897435897437 0.18221153846153845
4 0.4790064102564103 0.6728365384615385 0.1951923076923077 0.1391826923076923
4 0.5663461538461538 0.6929086538461539 0.15064102564102563 0.14471153846153847
5 0.5674679487179487 0.8100961538461539 0.15064102564102563 0.11177884615384616
3 0.4501602564102564 0.8509615384615384 0.17916666666666667 0.14879807692307692
4 0.061378205128205125 0.7611778846153846 0.05480769230769231 0.036057692307692304
4 0.04567307692307692 0.8058894230769231 0.05384615384615385 0.04110576923076923
4 0.022756410256410255 0.8131009615384616 0.04455128205128205 0.041826923076923074
3 0.022275641025641026 0.7760817307692308 0.041346153846153845 0.031490384615384615
5 0.7793269230769231 0.06935096153846154 0.08333333333333333 0.06706730769230769
5 0.7538461538461538 0.13858173076923078 0.058653846153846154 0.04158653846153846
