3 0.6458333333333334 0.1424278846153846 0.21314102564102563 0.18076923076923077
5 0.502724358974359 0.19170673076923078 0.18108974358974358 0.1502403846153846
5 0.6714743589743589 0.2681490384615385 0.16634615384615384 0.12139423076923077
5 0.6107371794871795 0.35552884615384617 0.06185897435897436 0.04807692307692308
5 0.6046474358974359 0.43173076923076925 0.12980769230769232 0.10168269230769231
4 0.49262820512820515 0.44134615384615383 0.12564102564102564 0.09903846153846153
5 0.38846153846153847 0.46274038461538464 0.10833333333333334 0.08509615384615385
5 0.5365384615384615 0.4859375 0.08076923076923077 0.046634615384615385
5 0.6067307692307692 0.5274038461538462 0.058333333333333334 0.04951923076923077
5 0.4724358974358974 0.5485576923076924 0.0983974358974359 0.0829326923076923
5 0.35544871794871796 0.5199519230769231 0.047115384615384615 0.031009615384615385
5 0.3857371794871795 0.60625 0.10416666666666667 0.07427884615384615
5 0.49262820512820515 0.6370192307692307 0.09903846153846153 0.08173076923076923
5 0.40352564102564104 0.6526442307692307 0.10705128205128205 0.0798076923076923
5 0.49951923076923077 0.7686298076923077 0.0875 0.07211538461538461
5 0.41762820512820514 0.7348557692307692 0.10032051282051282 0.0798076923076923
4 0.33814102564102566 0.7381009615384615 0.07692307692307693 0.071875
4 0.35849358974358975 0.7871394230769231 0.09615384615384616 0.05721153846153846
3 0.3243589743589744 0.817548076923077 0.0673076923076923 0.056490384615384616
3 0.3631410256410256 0.8383413461538461 0.05993589743589744 0.051923076923076926
4 0.422275641025641 0.8490384615384615 0.09230769230769231 0.07860576923076923
3 0.38237179487179485 0.9078125 0.08301282051282051 0.07091346153846154
4 0.9108974358974359 0.9723557692307693 0.06282051282051282 0.048317307692307694
4 0.7993589743589744 0.9756009615384615 0.061217948717948716 0.04639423076923077
