3 0.7110576923076923 0.23064903846153847 0.23397435897435898 0.18245192307692307
5 0.44871794871794873 0.2783653846153846 0.18942307692307692 0.15072115384615384
5 0.39006410256410257 0.4098557692307692 0.16538461538461538 0.12620192307692307
5 0.538301282051282 0.45865384615384613 0.19391025641025642 0.1449519230769231
5 0.6565705128205128 0.515625 0.15673076923076923 0.11754807692307692
5 0.4806089743589744 0.5967548076923077 0.14935897435897436 0.11490384615384615
5 0.40192307692307694 0.5707932692307692 0.10673076923076923 0.09350961538461539
5 0.37612179487179487 0.6227163461538462 0.08333333333333333 0.051201923076923075
5 0.5737179487179487 0.6020432692307692 0.10128205128205128 0.10168269230769231
5 0.5211538461538462 0.7072115384615385 0.11762820512820513 0.09158653846153846
5 0.43012820512820515 0.7090144230769231 0.0907051282051282 0.07139423076923077
5 0.45 0.7572115384615384 0.07564102564102564 0.05480769230769231
5 0.4996794871794872 0.7780048076923077 0.09262820512820513 0.06947115384615385
4 0.8051282051282052 0.9626201923076924 0.07275641025641026 0.06129807692307692
4 0.846474358974359 0.9683894230769231 0.046153846153846156 0.05504807692307692
5 0.7549679487179487 0.9727163461538462 0.052243589743589745 0.04783653846153846
