5 0.6519230769230769 0.9336538461538462 0.14967948717948718 0.11706730769230769
5 0.5689102564102564 0.8252403846153846 0.18044871794871795 0.14182692307692307
5 0.22916666666666666 0.8042067307692308 0.08076923076923077 0.0625
5 0.3506410256410256 0.73125 0.10384615384615385 0.08076923076923077
5 0.4897435897435897 0.6979567307692308 0.052243589743589745 0.04375
5 0.5802884615384616 0.7304086538461538 0.11955128205128206 0.084375
5 0.43157051282051284 0.6463942307692307 0.0967948717948718 0.06899038461538462
3 0.6402243589743589 0.6394230769230769 0.15673076923076923 0.12235576923076923
3 0.573076923076923 0.5594951923076923 0.1641025641025641 0.12740384615384615
5 0.4794871794871795 0.5459134615384615 0.055448717948717946 0.06995192307692308
4 0.5104166666666666 0.4735576923076923 0.1310897435897436 0.10096153846153846
4 0.7211538461538461 0.48425480769230766 0.17275641025641025 0.11971153846153847
4 0.7471153846153846 0.35204326923076923 0.1326923076923077 0.10384615384615385
3 0.3246794871794872 0.4361778846153846 0.06474358974358975 0.05096153846153846
3 0.15144230769230768 0.4277644230769231 0.05096153846153846 0.03461538461538462
5 0.2032051282051282 0.453125 0.03205128205128205 0.025
5 0.2325320512820513 0.4125 0.026282051282051282 0.01730769230769231
5 0.16490384615384615 0.4594951923076923 0.04358974358974359 0.036778846153846155
5 0.14903846153846154 0.4860576923076923 0.021474358974358974 0.01730769230769231
4 0.12435897435897436 0.45264423076923077 0.05064102564102564 0.035096153846153846
3 0.02516025641025641 0.5587740384615385 0.04583333333333333 0.036298076923076926
3 0.07884615384615384 0.49158653846153844 0.04583333333333333 0.031971153846153844
5 0.05993589743589744 0.42403846153846153 0.04583333333333333 0.02980769230769231
5 0.07548076923076923 0.3953125 0.0516025641025641 0.03365384615384615
5 0.029487179487179487 0.3997596153846154 0.04935897435897436 0.036057692307692304
