4 0.5139423076923076 0.18365384615384617 0.2266025641025641 0.1829326923076923
4 0.7567307692307692 0.25264423076923076 0.18942307692307692 0.14879807692307692
4 0.5283653846153846 0.4651442307692308 0.21378205128205127 0.1608173076923077
3 0.732852564102564 0.5330528846153846 0.16025641025641027 0.11658653846153846
3 0.5129807692307692 0.6060096153846154 0.16185897435897437 0.1201923076923077
4 0.24519230769230768 0.7014423076923076 0.14102564102564102 0.10841346153846154
5 0.5365384615384615 0.7164663461538462 0.13814102564102565 0.10528846153846154
5 0.7756410256410257 0.9188701923076923 0.14198717948717948 0.13533653846153845
5 0.7426282051282052 0.9859375 0.10064102564102564 0.027403846153846154
3 0.39647435897435895 0.7493990384615384 0.11057692307692307 0.08725961538461538
5 0.4078525641025641 0.8169471153846154 0.07756410256410257 0.05552884615384615
5 0.33974358974358976 0.8645432692307692 0.11602564102564103 0.09567307692307692
3 0.29583333333333334 0.7895432692307692 0.12692307692307692 0.10120192307692308
3 0.1642628205128205 0.49963942307692305 0.07211538461538461 0.04879807692307692
5 0.2325320512820513 0.5842548076923076 0.04230769230769231 0.03894230769230769
5 0.19487179487179487 0.6022836538461539 0.041666666666666664 0.034375
5 0.08557692307692308 0.45745192307692306 0.05512820512820513 0.041826923076923074
5 0.10016025641025642 0.49627403846153845 0.049679487179487176 0.03245192307692308
5 0.06762820512820512 0.5116586538461538 0.04807692307692308 0.036778846153846155
4 0.09887820512820512 0.5397836538461539 0.05416666666666667 0.03389423076923077
5 0.0453525641025641 0.5413461538461538 0.04935897435897436 0.03293269230769231
4 0.06057692307692308 0.4143028846153846 0.05929487179487179 0.04471153846153846
3 0.1094551282051282 0.43521634615384613 0.05512820512820513 0.03701923076923077
4 0.13333333333333333 0.752764423076923 0.041025641025641026 0.03076923076923077
