4 0.07916666666666666 0.22379807692307693 0.06506410256410257 0.05024038461538462
3 0.07724358974358975 0.27163461538461536 0.06570512820512821 0.047115384615384615
5 0.06987179487179487 0.3234375 0.05705128205128205 0.047596153846153844
5 0.37612179487179487 0.27752403846153845 0.12916666666666668 0.12980769230769232
5 0.594551282051282 0.4324519230769231 0.12564102564102564 0.08990384615384615
5 0.3059294871794872 0.3914663461538462 0.17275641025641025 0.13052884615384616
5 0.5360576923076923 0.5245192307692308 0.1762820512820513 0.14158653846153846
5 0.37756410256410255 0.5526442307692307 0.12532051282051282 0.09735576923076923
5 0.5019230769230769 0.6086538461538461 0.10833333333333334 0.0798076923076923
5 0.6344551282051282 0.6926682692307692 0.11602564102564103 0.09254807692307693
5 0.4982371794871795 0.703125 0.12628205128205128 0.10216346153846154
5 0.03381410256410256 0.8044471153846153 0.06762820512820512 0.06634615384615385
5 0.11009615384615384 0.8419471153846154 0.09326923076923077 0.07259615384615385
5 0.029326923076923077 0.9284855769230769 0.058653846153846154 0.09423076923076923
