3 0.15336538461538463 0.050841346153846154 0.1798076923076923 0.10168269230769231
5 0.14262820512820512 0.1441105769230769 0.12916666666666668 0.09711538461538462
4 0.6772435897435898 0.10348557692307692 0.2653846153846154 0.20697115384615383
5 0.10689102564102564 0.27728365384615383 0.06794871794871794 0.08653846153846154
4 0.017788461538461538 0.26514423076923077 0.035576923076923075 0.06899038461538462
4 0.28878205128205126 0.3248798076923077 0.34935897435897434 0.3074519230769231
5 0.4634615384615385 0.42175480769230766 0.15705128205128205 0.14014423076923077
5 0.6344551282051282 0.4657451923076923 0.2230769230769231 0.16033653846153847
5 0.09166666666666666 0.4108173076923077 0.11121794871794871 0.07475961538461538
5 0.17676282051282052 0.453125 0.09487179487179487 0.06610576923076923
4 0.01987179487179487 0.5118990384615385 0.03974358974358974 0.05673076923076923
4 0.10336538461538461 0.5348557692307693 0.11474358974358974 0.07908653846153846
4 0.20737179487179488 0.5798076923076924 0.10608974358974359 0.07379807692307692
5 0.4181089743589744 0.6183894230769231 0.18525641025641026 0.1423076923076923
3 0.09262820512820513 0.6557692307692308 0.10705128205128205 0.08509615384615385
5 0.12483974358974359 0.7205528846153846 0.08782051282051281 0.07091346153846154
3 0.19823717948717948 0.7042067307692308 0.09967948717948719 0.07019230769230769
5 0.6370192307692307 0.7290865384615385 0.17467948717948717 0.12788461538461537
5 0.46089743589743587 0.8009615384615385 0.15673076923076923 0.1233173076923077
