5 0.6506410256410257 0.3490384615384615 0.13685897435897437 0.09254807692307693
3 0.6137820512820513 0.4407451923076923 0.13974358974358975 0.10576923076923077
5 0.8391025641025641 0.42235576923076923 0.08621794871794872 0.09783653846153846
5 0.7113782051282052 0.5252403846153846 0.10064102564102564 0.10264423076923077
4 0.32403846153846155 0.44326923076923075 0.14262820512820512 0.11177884615384616
3 0.31826923076923075 0.5539663461538461 0.1483974358974359 0.10961538461538461
5 0.43493589743589745 0.5026442307692308 0.1326923076923077 0.08822115384615385
5 0.4341346153846154 0.5794471153846154 0.10897435897435898 0.07692307692307693
5 0.27371794871794874 0.6608173076923077 0.08846153846153847 0.08125
5 0.37067307692307694 0.6542067307692307 0.11474358974358974 0.09086538461538461
5 0.4684294871794872 0.6921875 0.10544871794871795 0.08918269230769231
5 0.321474358974359 0.7288461538461538 0.10256410256410256 0.09519230769230769
5 0.43349358974358976 0.7314903846153846 0.0798076923076923 0.07860576923076923
5 0.528525641025641 0.708173076923077 0.05993589743589744 0.0798076923076923
5 0.5913461538461539 0.7373798076923077 0.05416666666666667 0.06947115384615385
5 0.6538461538461539 0.7367788461538461 0.0919871794871795 0.08918269230769231
5 0.6958333333333333 0.6889423076923077 0.04294871794871795 0.03533653846153846
4 0.022435897435897436 0.36766826923076923 0.04487179487179487 0.03413461538461538
5 0.060897435897435896 0.3704326923076923 0.0391025641025641 0.036778846153846155
5 0.05881410256410256 0.07451923076923077 0.041025641025641026 0.031971153846153844
5 0.13253205128205128 0.11911057692307692 0.04038461538461539 0.03341346153846154
5 0.13012820512820514 0.13185096153846154 0.0391025641025641 0.03461538461538462
5 0.11955128205128206 0.1563701923076923 0.030448717948717948 0.026201923076923078
