3 0.4219551282051282 0.33774038461538464 0.15320512820512822 0.1201923076923077
3 0.383974358974359 0.47391826923076924 0.15897435897435896 0.11274038461538462
3 0.5876602564102564 0.4288461538461538 0.16987179487179488 0.11971153846153847
5 0.6020833333333333 0.5817307692307693 0.15128205128205127 0.10480769230769231
5 0.3855769230769231 0.6114182692307693 0.13525641025641025 0.09423076923076923
5 0.5578525641025641 0.7153846153846154 0.1189102564102564 0.09254807692307693
5 0.391025641025641 0.6950721153846153 0.11474358974358974 0.08173076923076923
5 0.358974358974359 0.7806490384615384 0.09615384615384616 0.08341346153846153
5 0.41346153846153844 0.84375 0.08846153846153847 0.07692307692307693
5 0.5628205128205128 0.8698317307692308 0.0842948717948718 0.07379807692307692
5 0.4889423076923077 0.8894230769230769 0.06474358974358975 0.05625
4 0.2833333333333333 0.9417067307692307 0.041346153846153845 0.0375
4 0.21137820512820513 0.9481971153846154 0.04583333333333333 0.041346153846153845
4 0.24775641025641026 0.9546875 0.038141025641025644 0.03533653846153846
4 0.8527243589743589 0.4015625 0.06698717948717949 0.05721153846153846
4 0.8120192307692308 0.4307692307692308 0.058653846153846154 0.05889423076923077
3 0.7732371794871795 0.45625 0.05128205128205128 0.04230769230769231
3 0.10096153846153846 0.29483173076923075 0.051923076923076926 0.04807692307692308
3 0.3267628205128205 0.23413461538461539 0.03974358974358974 0.03221153846153846
3 0.5258012820512821 0.9651442307692307 0.06282051282051282 0.04807692307692308
