4 0.3799679487179487 0.5143028846153846 0.10416666666666667 0.09399038461538461
4 0.26153846153846155 0.5215144230769231 0.14102564102564102 0.10576923076923077
4 0.45064102564102565 0.47704326923076923 0.14455128205128207 0.09903846153846153
4 0.32724358974358975 0.6330528846153847 0.11057692307692307 0.08942307692307692
3 0.21602564102564104 0.6287259615384615 0.15384615384615385 0.115625
3 0.6969551282051282 0.6138221153846154 0.15128205128205127 0.10961538461538461
3 0.603525641025641 0.6319711538461539 0.10416666666666667 0.08125
5 0.36666666666666664 0.6673076923076923 0.05064102564102564 0.05504807692307692
5 0.30112179487179486 0.7074519230769231 0.11314102564102564 0.07860576923076923
5 0.24743589743589745 0.7146634615384615 0.06057692307692308 0.0625
5 0.5953525641025641 0.6784855769230769 0.09615384615384616 0.052884615384615384
5 0.7083333333333334 0.7038461538461539 0.11955128205128206 0.084375
5 0.3439102564102564 0.5639423076923077 0.10993589743589743 0.06153846153846154
3 0.05352564102564102 0.1344951923076923 0.06282051282051282 0.047115384615384615
5 0.028846153846153848 0.18125 0.057692307692307696 0.04447115384615385
5 0.08733974358974358 0.1752403846153846 0.05480769230769231 0.03798076923076923
5 0.06266025641025641 0.21310096153846153 0.0483974358974359 0.0375
4 0.035737179487179485 0.33016826923076925 0.03782051282051282 0.027884615384615386
