5 0.4639423076923077 0.1782451923076923 0.1596153846153846 0.15889423076923076
5 0.303525641025641 0.12115384615384615 0.26506410256410257 0.21201923076923077
5 0.3939102564102564 0.44014423076923076 0.1596153846153846 0.08365384615384615
5 0.36955128205128207 0.36514423076923075 0.20416666666666666 0.1519230769230769
5 0.29743589743589743 0.5956730769230769 0.12788461538461537 0.06850961538461539
5 0.3121794871794872 0.5075721153846153 0.17115384615384616 0.12596153846153846
4 0.5118589743589743 0.5144230769230769 0.1919871794871795 0.1485576923076923
4 0.56875 0.6598557692307693 0.23205128205128206 0.17403846153846153
4 0.1360576923076923 0.9493990384615385 0.1016025641025641 0.1
4 0.17692307692307693 0.9691105769230769 0.06314102564102564 0.059375
4 0.026442307692307692 0.9230769230769231 0.049679487179487176 0.09591346153846154
