4 0.13381410256410256 0.24879807692307693 0.03461538461538462 0.024759615384615383
3 0.016346153846153847 0.30456730769230766 0.032692307692307694 0.03894230769230769
3 0.10016025641025642 0.28834134615384616 0.05064102564102564 0.035096153846153846
5 0.052884615384615384 0.30456730769230766 0.046153846153846156 0.036057692307692304
5 0.0876602564102564 0.31935096153846154 0.04423076923076923 0.031971153846153844
3 0.23814102564102563 0.44771634615384615 0.03333333333333333 0.02139423076923077
5 0.24743589743589745 0.43341346153846155 0.03205128205128205 0.025240384615384616
4 0.28525641025641024 0.43149038461538464 0.035576923076923075 0.026442307692307692
3 0.34807692307692306 0.43185096153846153 0.03685897435897436 0.024278846153846154
5 0.33205128205128204 0.4191105769230769 0.03173076923076923 0.023798076923076922
4 0.35384615384615387 0.3388221153846154 0.041346153846153845 0.03798076923076923
3 0.422275641025641 0.3407451923076923 0.0483974358974359 0.040625
5 0.3799679487179487 0.3639423076923077 0.046153846153846156 0.03774038461538461
5 0.38285256410256413 0.38846153846153847 0.046474358974358976 0.027403846153846154
3 0.4658653846153846 0.4598557692307692 0.051923076923076926 0.036298076923076926
3 0.5282051282051282 0.4735576923076923 0.04294871794871795 0.03461538461538462
3 0.477724358974359 0.515625 0.0858974358974359 0.06081730769230769
3 0.6163461538461539 0.5564903846153846 0.08461538461538462 0.05360576923076923
5 0.47692307692307695 0.5752403846153846 0.075 0.05480769230769231
4 0.4480769230769231 0.6459134615384615 0.09807692307692308 0.06875
5 0.46794871794871795 0.6973557692307693 0.04775641025641025 0.037259615384615384
5 0.5472756410256411 0.6556490384615384 0.08205128205128205 0.06634615384615385
5 0.5777243589743589 0.6753605769230769 0.04551282051282051 0.03990384615384615
5 0.6193910256410257 0.6210336538461538 0.07211538461538461 0.048317307692307694
5 0.4911858974358974 0.7358173076923077 0.06570512820512821 0.04879807692307692
5 0.545352564102564 0.7580528846153847 0.06057692307692308 0.053125
5 0.5852564102564103 0.7466346153846154 0.04935897435897436 0.04735576923076923
5 0.6748397435897436 0.7885817307692308 0.06666666666666667 0.04879807692307692
5 0.7814102564102564 0.8127403846153847 0.05128205128205128 0.04423076923076923
3 0.7538461538461538 0.8268028846153846 0.06987179487179487 0.06201923076923077
4 0.8729166666666667 0.3253605769230769 0.04455128205128205 0.02283653846153846
5 0.8926282051282052 0.3467548076923077 0.0532051282051282 0.02980769230769231
