3 0.9738782051282051 0.8902644230769231 0.04935897435897436 0.052884615384615384
5 0.4639423076923077 0.9616586538461539 0.03461538461538462 0.028365384615384615
5 0.48205128205128206 0.9842548076923077 0.022115384615384617 0.019230769230769232
3 0.5225961538461539 0.9745192307692307 0.04294871794871795 0.03918269230769231
4 0.6807692307692308 0.6895432692307693 0.052243589743589745 0.03701923076923077
3 0.7458333333333333 0.6598557692307693 0.04519230769230769 0.03461538461538462
5 0.750801282051282 0.6913461538461538 0.03461538461538462 0.027403846153846154
5 0.7269230769230769 0.7175480769230769 0.03782051282051282 0.023798076923076922
5 0.5296474358974359 0.6638221153846153 0.11217948717948718 0.07716346153846154
3 0.5825320512820513 0.7116586538461539 0.027243589743589744 0.021875
5 0.4708333333333333 0.6800480769230769 0.08237179487179487 0.07403846153846154
5 0.3778846153846154 0.698076923076923 0.10096153846153846 0.07475961538461538
4 0.5581730769230769 0.7039663461538461 0.026923076923076925 0.016826923076923076
5 0.3235576923076923 0.6496394230769231 0.1201923076923077 0.08798076923076924
5 0.5448717948717948 0.5763221153846154 0.12051282051282051 0.09158653846153846
5 0.3767628205128205 0.5658653846153846 0.1387820512820513 0.10480769230769231
3 0.5392628205128205 0.4580528846153846 0.13685897435897437 0.10336538461538461
