4 0.382051282051282 0.21382211538461537 0.26794871794871794 0.20504807692307692
4 0.6431089743589744 0.36514423076923075 0.20256410256410257 0.14711538461538462
4 0.4157051282051282 0.5213942307692307 0.17596153846153847 0.13677884615384617
5 0.5932692307692308 0.5344951923076923 0.15897435897435896 0.11923076923076924
5 0.43701923076923077 0.6526442307692307 0.15544871794871795 0.121875
5 0.5895833333333333 0.7186298076923077 0.14455128205128207 0.11153846153846154
4 0.35208333333333336 0.6538461538461539 0.0532051282051282 0.07524038461538461
4 0.26794871794871794 0.721514423076923 0.11025641025641025 0.08533653846153846
4 0.37387820512820513 0.7751201923076924 0.10384615384615385 0.084375
4 0.3328525641025641 0.8302884615384616 0.0967948717948718 0.0798076923076923
5 0.23717948717948717 0.8239182692307693 0.08878205128205129 0.07067307692307692
5 0.2931089743589744 0.8998798076923077 0.08974358974358974 0.07379807692307692
5 0.5131410256410256 0.8237980769230769 0.14967948717948718 0.12235576923076923
5 0.44375 0.8288461538461539 0.038141025641025644 0.07932692307692307
5 0.5613782051282051 0.8745192307692308 0.09647435897435898 0.07451923076923077
4 0.03477564102564103 0.3075721153846154 0.06955128205128205 0.06850961538461539
5 0.03685897435897436 0.5307692307692308 0.07371794871794872 0.057692307692307696
5 0.03349358974358974 0.5961538461538461 0.06634615384615385 0.04951923076923077
5 0.022435897435897436 0.3891826923076923 0.04391025641025641 0.06586538461538462
5 0.05352564102564102 0.5508413461538462 0.05096153846153846 0.032692307692307694
4 0.02403846153846154 0.2421875 0.04775641025641025 0.055288461538461536
