5 0.26842948717948717 0.7939903846153846 0.11057692307692307 0.08990384615384615
3 0.34150641025641026 0.603125 0.1310897435897436 0.10048076923076923
4 0.24342948717948718 0.5473557692307692 0.1326923076923077 0.10697115384615384
3 0.20560897435897435 0.5215144230769231 0.0875 0.07259615384615385
3 0.6956730769230769 0.5242788461538461 0.14615384615384616 0.09903846153846153
3 0.5679487179487179 0.4735576923076923 0.10673076923076923 0.08870192307692308
5 0.8272435897435897 0.5905048076923077 0.14487179487179488 0.09879807692307692
5 0.5528846153846154 0.5622596153846153 0.10673076923076923 0.08173076923076923
5 0.49375 0.5469951923076923 0.06987179487179487 0.0641826923076923
5 0.5605769230769231 0.6007211538461539 0.08205128205128205 0.036298076923076926
5 0.48221153846153847 0.4735576923076923 0.08269230769230769 0.06778846153846153
3 0.6113782051282052 0.43701923076923077 0.11057692307692307 0.08173076923076923
3 0.5142628205128205 0.37872596153846155 0.10608974358974359 0.0829326923076923
4 0.5301282051282051 0.3015625 0.1032051282051282 0.07548076923076923
4 0.6338141025641025 0.34326923076923077 0.12532051282051282 0.09783653846153846
3 0.6993589743589743 0.3127403846153846 0.07435897435897436 0.0733173076923077
3 0.7863782051282051 0.28557692307692306 0.14615384615384616 0.09711538461538462
3 0.7995192307692308 0.3424278846153846 0.0875 0.05336538461538461
