3 0.6352564102564102 0.7429086538461539 0.191025641025641 0.14759615384615385
5 0.5799679487179488 0.6629807692307692 0.14455128205128207 0.10216346153846154
4 0.7538461538461538 0.5701923076923077 0.20673076923076922 0.15408653846153847
4 0.6233974358974359 0.5515625 0.13333333333333333 0.12235576923076923
4 0.4780448717948718 0.5491586538461538 0.18525641025641026 0.12451923076923077
3 0.2512820512820513 0.5915865384615384 0.20673076923076922 0.15336538461538463
4 0.2743589743589744 0.43978365384615387 0.2144230769230769 0.15120192307692307
3 0.30256410256410254 0.2993990384615385 0.12756410256410255 0.09639423076923077
4 0.5360576923076923 0.4341346153846154 0.1625 0.1362980769230769
4 0.6490384615384616 0.41394230769230766 0.1753205128205128 0.140625
5 0.34791666666666665 0.37872596153846155 0.08685897435897436 0.075
