4 0.5855769230769231 0.3955528846153846 0.21217948717948718 0.1605769230769231
4 0.4048076923076923 0.49182692307692305 0.21217948717948718 0.15576923076923077
3 0.35512820512820514 0.64375 0.21314102564102563 0.1596153846153846
4 0.5838141025641026 0.5698317307692308 0.20544871794871794 0.15240384615384617
5 0.5099358974358974 0.7038461538461539 0.18525641025641026 0.14927884615384615
5 0.610897435897436 0.7364182692307693 0.06025641025641026 0.06298076923076923
3 0.5761217948717948 0.8068509615384616 0.07435897435897436 0.054086538461538464
4 0.4708333333333333 0.7954326923076923 0.10288461538461538 0.06826923076923076
4 0.42596153846153845 0.7909855769230769 0.052564102564102565 0.06971153846153846
4 0.4641025641025641 0.8670673076923077 0.09038461538461538 0.07043269230769231
4 0.4793269230769231 0.81875 0.07884615384615384 0.03822115384615385
