5 0.23862179487179488 0.8715144230769231 0.08846153846153847 0.06778846153846153
5 0.07131410256410256 0.8883413461538462 0.11025641025641025 0.08725961538461538
5 0.5121794871794871 0.8568509615384615 0.0983974358974359 0.0733173076923077
5 0.5121794871794871 0.9209134615384615 0.027243589743589744 0.023076923076923078
5 0.4378205128205128 0.7228365384615385 0.11314102564102564 0.08461538461538462
5 0.3868589743589744 0.7391826923076923 0.06217948717948718 0.0625
4 0.5884615384615385 0.725 0.12403846153846154 0.09879807692307692
5 0.5639423076923077 0.7721153846153846 0.046153846153846156 0.027884615384615386
5 0.20352564102564102 0.7280048076923077 0.058653846153846154 0.05504807692307692
5 0.15897435897435896 0.7721153846153846 0.041987179487179484 0.036778846153846155
5 0.3174679487179487 0.6867788461538461 0.10705128205128205 0.08701923076923077
5 0.19455128205128205 0.6610576923076923 0.09775641025641026 0.07115384615384615
5 0.42948717948717946 0.6546875 0.1032051282051282 0.0733173076923077
3 0.3301282051282051 0.5894230769230769 0.0967948717948718 0.07211538461538461
4 0.18974358974358974 0.5817307692307693 0.10608974358974359 0.0829326923076923
3 0.02996794871794872 0.5191105769230769 0.046153846153846156 0.031971153846153844
5 0.615224358974359 0.6610576923076923 0.10673076923076923 0.08173076923076923
4 0.5860576923076923 0.6090144230769231 0.08685897435897436 0.04230769230769231
3 0.6088141025641025 0.5701923076923077 0.11955128205128206 0.08942307692307692
5 0.6565705128205128 0.5311298076923077 0.07275641025641026 0.052403846153846155
5 0.7075320512820513 0.6122596153846154 0.10961538461538461 0.08028846153846154
3 0.6634615384615384 0.4638221153846154 0.08782051282051281 0.06201923076923077
3 0.61875 0.4862980769230769 0.06923076923076923 0.05625
3 0.5532051282051282 0.4774038461538462 0.0641025641025641 0.05336538461538461
4 0.8224358974358974 0.39014423076923077 0.09487179487179487 0.07475961538461538
4 0.6270833333333333 0.41334134615384616 0.0685897435897436 0.06153846153846154
4 0.5256410256410257 0.4186298076923077 0.07564102564102564 0.05841346153846154
3 0.5605769230769231 0.40060096153846153 0.06346153846153846 0.05360576923076923
