3 0.6423076923076924 0.2766826923076923 0.13044871794871796 0.10264423076923077
4 0.4862179487179487 0.2842548076923077 0.16891025641025642 0.13533653846153845
4 0.5051282051282051 0.4170673076923077 0.18237179487179486 0.140625
5 0.6541666666666667 0.46141826923076923 0.13205128205128205 0.07908653846153846
3 0.49182692307692305 0.5186298076923077 0.15544871794871795 0.11057692307692307
5 0.6825320512820513 0.5370192307692307 0.18044871794871795 0.12355769230769231
5 0.48830128205128204 0.5936298076923077 0.11987179487179488 0.07692307692307693
5 0.5727564102564102 0.6060096153846154 0.08525641025641026 0.04879807692307692
5 0.59375 0.6467548076923076 0.11826923076923077 0.09158653846153846
5 0.4583333333333333 0.615625 0.06955128205128205 0.04350961538461538
4 0.3104166666666667 0.5710336538461539 0.1189102564102564 0.08389423076923076
4 0.2091346153846154 0.6401442307692308 0.12596153846153846 0.09879807692307692
3 0.26810897435897435 0.6841346153846154 0.11025641025641025 0.0920673076923077
5 0.3860576923076923 0.739423076923077 0.08493589743589744 0.0673076923076923
5 0.28221153846153846 0.7637019230769231 0.07756410256410257 0.06129807692307692
