5 0.4166666666666667 0.18173076923076922 0.20897435897435898 0.1798076923076923
5 0.3855769230769231 0.3783653846153846 0.22243589743589742 0.18221153846153845
5 0.5770833333333333 0.4231971153846154 0.1362179487179487 0.10649038461538461
5 0.8748397435897436 0.5094951923076924 0.10064102564102564 0.084375
5 0.6509615384615385 0.505048076923077 0.1362179487179487 0.11129807692307692
5 0.47275641025641024 0.5550480769230769 0.16891025641025642 0.12403846153846154
5 0.6533653846153846 0.6191105769230769 0.1233974358974359 0.09471153846153846
5 0.7783653846153846 0.6891826923076924 0.09967948717948719 0.08461538461538462
5 0.47147435897435896 0.6972355769230769 0.08333333333333333 0.06081730769230769
5 0.5086538461538461 0.6528846153846154 0.11698717948717949 0.09254807692307693
5 0.2719551282051282 0.6490384615384616 0.2108974358974359 0.140625
4 0.07131410256410256 0.5667067307692307 0.07403846153846154 0.052884615384615384
3 0.11762820512820513 0.6579326923076924 0.0685897435897436 0.052884615384615384
5 0.16650641025641025 0.7790865384615384 0.17692307692307693 0.1346153846153846
5 0.8208333333333333 0.7338942307692308 0.0842948717948718 0.06850961538461539
5 0.16794871794871793 0.8883413461538462 0.16474358974358974 0.11875
5 0.33365384615384613 0.9067307692307692 0.11634615384615385 0.11177884615384616
5 0.8860576923076923 0.5926682692307692 0.08557692307692308 0.059375
5 0.2966346153846154 0.4045673076923077 0.10192307692307692 0.11658653846153846
5 0.1296474358974359 0.7204326923076924 0.061217948717948716 0.04495192307692308
3 0.03028846153846154 0.7348557692307692 0.05929487179487179 0.04951923076923077
