3 0.7224358974358974 0.4207932692307692 0.15897435897435896 0.14879807692307692
5 0.5592948717948718 0.48954326923076924 0.14262820512820512 0.13533653846153845
5 0.6024038461538461 0.5638221153846154 0.12628205128205128 0.11778846153846154
5 0.7267628205128205 0.5728365384615385 0.14775641025641026 0.14543269230769232
5 0.6131410256410257 0.6164663461538461 0.08141025641025641 0.052884615384615384
5 0.7560897435897436 0.653125 0.12980769230769232 0.115625
5 0.6195512820512821 0.6643028846153847 0.08974358974358974 0.07860576923076923
5 0.7588141025641025 0.7132211538461538 0.0955128205128205 0.06033653846153846
5 0.2637820512820513 0.9355769230769231 0.03685897435897436 0.036778846153846155
5 0.2299679487179487 0.9676682692307692 0.03397435897435897 0.032692307692307694
5 0.321474358974359 0.8765625 0.041666666666666664 0.03701923076923077
5 0.26634615384615384 0.8897836538461539 0.029487179487179487 0.027884615384615386
4 0.8081730769230769 0.7341346153846153 0.03333333333333333 0.029086538461538462
4 0.7525641025641026 0.7549278846153846 0.03493589743589744 0.026923076923076925
4 0.9735576923076923 0.16454326923076923 0.052564102564102565 0.037259615384615384
5 0.9182692307692307 0.19411057692307693 0.05480769230769231 0.03389423076923077
5 0.9698717948717949 0.2283653846153846 0.058333333333333334 0.0375
5 0.8900641025641025 0.2545673076923077 0.052564102564102565 0.029086538461538462
5 0.9131410256410256 0.2669471153846154 0.04294871794871795 0.04038461538461539
5 0.895673076923077 0.2919471153846154 0.03717948717948718 0.03413461538461538
5 0.34423076923076923 0.5385817307692308 0.049679487179487176 0.06802884615384615
5 0.30400641025641023 0.5039663461538462 0.08205128205128205 0.06899038461538462
5 0.3349358974358974 0.45528846153846153 0.08878205128205129 0.06634615384615385
3 0.2692307692307692 0.41189903846153847 0.11089743589743589 0.07548076923076923
3 0.2791666666666667 0.3741586538461538 0.08205128205128205 0.02860576923076923
5 0.3344551282051282 0.4121394230769231 0.06153846153846154 0.057451923076923074
3 0.566025641025641 0.26911057692307694 0.035576923076923075 0.031009615384615385
3 0.5174679487179488 0.29447115384615385 0.035576923076923075 0.026201923076923078
3 0.5216346153846154 0.31634615384615383 0.03108974358974359 0.023317307692307693
5 0.5139423076923076 0.38064903846153847 0.02403846153846154 0.020432692307692308
5 0.47676282051282054 0.3194711538461538 0.030448717948717948 0.022115384615384617
3 0.5419871794871794 0.30240384615384613 0.028846153846153848 0.021153846153846155
4 0.25096153846153846 0.3635817307692308 0.025 0.019471153846153846
4 0.2046474358974359 0.42199519230769234 0.01891025641025641 0.018990384615384614
4 0.2064102564102564 0.4054086538461538 0.023397435897435898 0.01658653846153846
5 0.6934294871794872 0.6932692307692307 0.03685897435897436 0.037259615384615384
