4 0.5806089743589744 0.07295673076923077 0.2503205128205128 0.1449519230769231
4 0.24182692307692308 0.24278846153846154 0.24519230769230768 0.19639423076923077
4 0.2775641025641026 0.518389423076923 0.31153846153846154 0.22716346153846154
5 0.5203525641025641 0.6139423076923077 0.19262820512820514 0.15865384615384615
5 0.2934294871794872 0.7051682692307693 0.18365384615384617 0.134375
5 0.46298076923076925 0.7403846153846154 0.15544871794871795 0.11947115384615385
5 0.5 0.8247596153846154 0.13333333333333333 0.10793269230769231
5 0.35352564102564105 0.8356971153846153 0.16185897435897437 0.12980769230769232
5 0.38509615384615387 0.9277644230769231 0.11570512820512821 0.096875
5 0.4953525641025641 0.9003605769230769 0.11089743589743589 0.07836538461538461
5 0.10032051282051282 0.9587740384615384 0.11987179487179488 0.08149038461538462
4 0.04871794871794872 0.9135817307692308 0.0955128205128205 0.12451923076923077
4 0.07483974358974359 0.7871394230769231 0.14871794871794872 0.11201923076923077
3 0.12067307692307692 0.8353365384615384 0.1330128205128205 0.09951923076923076
5 0.16282051282051282 0.8844951923076924 0.10737179487179487 0.0829326923076923
4 0.01939102564102564 0.6695913461538462 0.03782051282051282 0.08149038461538462
3 0.7700320512820513 0.6860576923076923 0.07852564102564102 0.05576923076923077
3 0.7168269230769231 0.721875 0.0907051282051282 0.06610576923076923
