3 0.34647435897435896 0.3449519230769231 0.24935897435897436 0.1798076923076923
4 0.6201923076923077 0.29615384615384616 0.2586538461538462 0.20360576923076923
5 0.6551282051282051 0.43521634615384613 0.1375 0.10889423076923077
5 0.5581730769230769 0.47103365384615387 0.21378205128205127 0.15336538461538463
5 0.30112179487179486 0.5587740384615385 0.20256410256410257 0.14471153846153847
5 0.5488782051282052 0.6217548076923077 0.16826923076923078 0.12091346153846154
5 0.5022435897435897 0.7211538461538461 0.12275641025641025 0.09711538461538462
4 0.4091346153846154 0.6605769230769231 0.0983974358974359 0.07115384615384615
4 0.34471153846153846 0.6536057692307692 0.08044871794871795 0.06682692307692308
4 0.3682692307692308 0.7175480769230769 0.11698717948717949 0.07596153846153846
5 0.35673076923076924 0.76875 0.10192307692307692 0.07596153846153846
5 0.028525641025641025 0.6391826923076923 0.05705128205128205 0.04495192307692308
5 0.11185897435897436 0.6643028846153847 0.04775641025641025 0.03413461538461538
3 0.2344551282051282 0.7818509615384616 0.0891025641025641 0.0733173076923077
5 0.4387820512820513 0.7546875 0.06923076923076923 0.06298076923076923
4 0.316025641025641 0.8313701923076923 0.04391025641025641 0.03533653846153846
5 0.4511217948717949 0.8100961538461539 0.04006410256410257 0.04038461538461539
5 0.1674679487179487 0.8061298076923077 0.08044871794871795 0.06081730769230769
5 0.17852564102564103 0.8402644230769231 0.06570512820512821 0.047115384615384615
5 0.0719551282051282 0.5865384615384616 0.06217948717948718 0.05336538461538461
5 0.492948717948718 0.5461538461538461 0.09134615384615384 0.05625
5 0.6081730769230769 0.5618990384615384 0.06346153846153846 0.025
