4 0.4794871794871795 0.3579326923076923 0.16602564102564102 0.14278846153846153
4 0.6317307692307692 0.38798076923076924 0.14903846153846154 0.13317307692307692
4 0.03173076923076923 0.5259615384615385 0.06346153846153846 0.05456730769230769
4 0.5147435897435897 0.4852163461538462 0.18269230769230768 0.13365384615384615
3 0.6024038461538461 0.5073317307692308 0.12179487179487179 0.11490384615384615
3 0.45064102564102565 0.6090144230769231 0.183974358974359 0.14975961538461538
3 0.5560897435897436 0.6266826923076924 0.13173076923076923 0.125
4 0.3299679487179487 0.6771634615384615 0.10064102564102564 0.084375
5 0.6964743589743589 0.6252403846153847 0.14903846153846154 0.11754807692307692
5 0.6841346153846154 0.6969951923076924 0.12564102564102564 0.08221153846153846
5 0.583173076923077 0.7269230769230769 0.11346153846153846 0.10096153846153846
5 0.48189102564102565 0.7346153846153847 0.14743589743589744 0.11875
5 0.5275641025641026 0.8060096153846154 0.10833333333333334 0.078125
5 0.4544871794871795 0.865625 0.1032051282051282 0.09423076923076923
4 0.4270833333333333 0.9116586538461539 0.061217948717948716 0.04326923076923077
