5 0.639102564102564 0.13545673076923076 0.17275641025641025 0.1439903846153846
5 0.6097756410256411 0.25961538461538464 0.08717948717948718 0.13149038461538462
5 0.4641025641025641 0.2668269230769231 0.20032051282051283 0.15817307692307692
5 0.5985576923076923 0.47692307692307695 0.17596153846153847 0.13701923076923078
5 0.029166666666666667 0.5145432692307692 0.058333333333333334 0.07427884615384615
5 0.0919871794871795 0.5324519230769231 0.08044871794871795 0.054086538461538464
5 0.05592948717948718 0.5859375 0.0733974358974359 0.03365384615384615
5 0.04503205128205128 0.6135817307692307 0.08782051282051281 0.06466346153846154
5 0.39663461538461536 0.5990384615384615 0.18525641025641026 0.14543269230769232
5 0.5618589743589744 0.6710336538461539 0.16762820512820512 0.12884615384615383
5 0.06057692307692308 0.6873798076923077 0.06634615384615385 0.047115384615384615
5 0.541025641025641 0.7905048076923077 0.1503205128205128 0.12740384615384615
4 0.3817307692307692 0.8402644230769231 0.1625 0.13365384615384615
