5 0.5357371794871795 0.43846153846153846 0.16762820512820512 0.1389423076923077
5 0.3852564102564103 0.49627403846153845 0.19391025641025642 0.14807692307692308
5 0.409775641025641 0.5908653846153846 0.1310897435897436 0.08125
5 0.569551282051282 0.6477163461538461 0.13846153846153847 0.12139423076923077
5 0.3886217948717949 0.6852163461538462 0.13205128205128205 0.10913461538461539
5 0.41362179487179485 0.7557692307692307 0.10064102564102564 0.09134615384615384
5 0.5809294871794872 0.7598557692307693 0.12756410256410255 0.10745192307692308
5 0.7355769230769231 0.7680288461538461 0.12564102564102564 0.1
5 0.5344551282051282 0.8306490384615385 0.02564102564102564 0.020432692307692308
3 0.615224358974359 0.8674278846153847 0.07884615384615384 0.06682692307692308
5 0.6113782051282052 0.8998798076923077 0.03493589743589744 0.02548076923076923
5 0.6318910256410256 0.9265625 0.035256410256410256 0.025
5 0.5756410256410256 0.9365384615384615 0.08525641025641026 0.07740384615384616
3 0.01875 0.9002403846153846 0.0375 0.09375
5 0.04423076923076923 0.8795673076923077 0.08685897435897436 0.08413461538461539
5 0.09022435897435897 0.90625 0.06698717948717949 0.065625
5 0.03317307692307692 0.9329326923076923 0.06314102564102564 0.04951923076923077
5 0.08317307692307692 0.9775240384615385 0.0907051282051282 0.04423076923076923
3 0.09086538461538461 0.7741586538461539 0.1141025641025641 0.08269230769230769
5 0.06778846153846153 0.8181490384615384 0.08365384615384615 0.042548076923076925
4 0.06314102564102564 0.6992788461538462 0.11153846153846154 0.09014423076923077
