5 0.840224358974359 0.10144230769230769 0.07083333333333333 0.04110576923076923
5 0.7310897435897435 0.1515625 0.057692307692307696 0.04014423076923077
5 0.8145833333333333 0.1466346153846154 0.05929487179487179 0.05432692307692308
5 0.698076923076923 0.2014423076923077 0.052243589743589745 0.053125
5 0.7972756410256411 0.19795673076923076 0.06282051282051282 0.047115384615384615
5 0.7738782051282052 0.24350961538461538 0.047435897435897434 0.047115384615384615
5 0.7203525641025641 0.24603365384615383 0.04935897435897436 0.04975961538461538
5 0.750801282051282 0.2804086538461538 0.03974358974358974 0.04735576923076923
5 0.7184294871794872 0.28918269230769234 0.03717948717948718 0.045432692307692306
3 0.5450320512820512 0.42259615384615384 0.12051282051282051 0.13701923076923078
5 0.41602564102564105 0.5080528846153847 0.1076923076923077 0.11466346153846153
5 0.5576923076923077 0.5408653846153846 0.11378205128205128 0.11057692307692307
3 0.7213141025641026 0.6108173076923077 0.03365384615384615 0.031490384615384615
5 0.5958333333333333 0.5955528846153846 0.10801282051282052 0.05048076923076923
5 0.43333333333333335 0.5856971153846153 0.09743589743589744 0.09783653846153846
5 0.47612179487179485 0.6586538461538461 0.09294871794871795 0.10072115384615385
5 0.4825320512820513 0.7082932692307692 0.07307692307692308 0.07259615384615385
5 0.5288461538461539 0.7395432692307692 0.05705128205128205 0.05480769230769231
5 0.5875 0.7457932692307693 0.07403846153846154 0.056971153846153845
5 0.7426282051282052 0.7014423076923076 0.023717948717948717 0.022115384615384617
5 0.722275641025641 0.7092548076923076 0.021153846153846155 0.019471153846153846
3 0.6746794871794872 0.6203125 0.03108974358974359 0.029086538461538462
5 0.6993589743589743 0.5313701923076923 0.025 0.023076923076923078
5 0.6884615384615385 0.5587740384615385 0.027564102564102563 0.018509615384615385
5 0.7232371794871795 0.5181490384615385 0.02564102564102564 0.024759615384615383
5 0.7546474358974359 0.5030048076923077 0.02564102564102564 0.026682692307692307
5 0.8528846153846154 0.45697115384615383 0.022756410256410255 0.019230769230769232
5 0.8581730769230769 0.3122596153846154 0.025 0.020432692307692308
5 0.84375 0.3096153846153846 0.01987179487179487 0.021875
5 0.8256410256410256 0.30697115384615387 0.021474358974358974 0.023076923076923078
5 0.8099358974358974 0.3058894230769231 0.011217948717948718 0.01610576923076923
5 0.7939102564102564 0.30456730769230766 0.022756410256410255 0.025961538461538463
5 0.8719551282051282 0.3171875 0.014423076923076924 0.021153846153846155
5 0.8849358974358974 0.31346153846153846 0.017948717948717947 0.019471153846153846
5 0.88125 0.03894230769230769 0.07852564102564102 0.06274038461538461
5 0.7929487179487179 0.03798076923076923 0.07083333333333333 0.07067307692307692
