4 0.17756410256410257 0.3479567307692308 0.29134615384615387 0.2153846153846154
4 0.5429487179487179 0.45865384615384613 0.1996794871794872 0.19639423076923077
4 0.2608974358974359 0.5266826923076923 0.25256410256410255 0.18870192307692307
4 0.4791666666666667 0.6143028846153846 0.24583333333333332 0.1875
3 0.705448717948718 0.6063701923076923 0.2266025641025641 0.13677884615384617
5 0.30448717948717946 0.6480769230769231 0.13044871794871796 0.09254807692307693
5 0.28846153846153844 0.68125 0.11121794871794871 0.07067307692307692
5 0.34294871794871795 0.7712740384615384 0.01955128205128205 0.02283653846153846
5 0.33653846153846156 0.8127403846153847 0.025 0.020432692307692308
5 0.4203525641025641 0.8623798076923077 0.07435897435897436 0.05913461538461538
