4 0.4807692307692308 0.13822115384615385 0.27884615384615385 0.225
4 0.5275641025641026 0.31466346153846153 0.21794871794871795 0.16538461538461538
3 0.6775641025641026 0.38076923076923075 0.20096153846153847 0.14158653846153846
4 0.382051282051282 0.4506009615384615 0.17467948717948717 0.13341346153846154
4 0.303525641025641 0.5671875 0.20096153846153847 0.14615384615384616
4 0.4934294871794872 0.5456730769230769 0.17467948717948717 0.13509615384615384
4 0.6483974358974359 0.6407451923076923 0.2173076923076923 0.15408653846153847
3 0.4932692307692308 0.6733173076923077 0.13685897435897437 0.12307692307692308
5 0.33637820512820515 0.7614182692307693 0.13205128205128205 0.11778846153846154
5 0.44358974358974357 0.7828125 0.18205128205128204 0.14639423076923078
5 0.594551282051282 0.7320913461538462 0.15544871794871795 0.115625
5 0.6203525641025641 0.830889423076923 0.15416666666666667 0.11490384615384615
5 0.3886217948717949 0.8635817307692307 0.11923076923076924 0.08846153846153847
5 0.49407051282051284 0.8550480769230769 0.11538461538461539 0.08942307692307692
