3 0.3532051282051282 0.23545673076923077 0.15416666666666667 0.103125
3 0.4889423076923077 0.3877403846153846 0.12275641025641025 0.07860576923076923
5 0.4790064102564103 0.4651442307692308 0.1391025641025641 0.11875
5 0.42916666666666664 0.5125 0.0955128205128205 0.08341346153846153
5 0.558974358974359 0.5662259615384615 0.11057692307692307 0.11057692307692307
5 0.4599358974358974 0.58125 0.10961538461538461 0.09711538461538462
5 0.49198717948717946 0.6186298076923077 0.05929487179487179 0.04326923076923077
5 0.6123397435897436 0.6407451923076923 0.11121794871794871 0.09951923076923076
4 0.20865384615384616 0.5752403846153846 0.04391025641025641 0.039663461538461536
4 0.23237179487179488 0.5810096153846154 0.033012820512820513 0.03461538461538462
