4 0.34919871794871793 0.2907451923076923 0.08653846153846154 0.062259615384615385
4 0.19503205128205128 0.32259615384615387 0.0907051282051282 0.06346153846153846
4 0.015865384615384615 0.3699519230769231 0.03012820512820513 0.023798076923076922
4 0.3310897435897436 0.38100961538461536 0.0782051282051282 0.056971153846153845
3 0.05753205128205128 0.39615384615384613 0.03333333333333333 0.02403846153846154
3 0.015705128205128205 0.42091346153846154 0.03141025641025641 0.031009615384615385
5 0.032371794871794875 0.44134615384615383 0.03141025641025641 0.022115384615384617
5 0.020032051282051284 0.45408653846153846 0.0391025641025641 0.02451923076923077
5 0.05336538461538461 0.4641826923076923 0.017948717948717947 0.012259615384615384
5 0.21634615384615385 0.41754807692307694 0.07884615384615384 0.05336538461538461
5 0.3235576923076923 0.43689903846153844 0.07371794871794872 0.05336538461538461
5 0.31634615384615383 0.4763221153846154 0.06634615384615385 0.04326923076923077
5 0.23525641025641025 0.4784855769230769 0.07564102564102564 0.053125
5 0.25817307692307695 0.5106971153846154 0.06282051282051282 0.04423076923076923
5 0.3108974358974359 0.5143028846153846 0.04871794871794872 0.03701923076923077
4 0.35192307692307695 0.4953125 0.052243589743589745 0.03245192307692308
3 0.40352564102564104 0.4997596153846154 0.04583333333333333 0.03221153846153846
5 0.37756410256410255 0.5307692307692308 0.03685897435897436 0.026442307692307692
4 0.759775641025641 0.48870192307692306 0.14294871794871794 0.09831730769230769
4 0.5894230769230769 0.5556490384615385 0.15673076923076923 0.10913461538461539
4 0.4791666666666667 0.6036057692307693 0.04326923076923077 0.031490384615384615
4 0.41442307692307695 0.6030048076923077 0.0532051282051282 0.037259615384615384
3 0.42403846153846153 0.6435096153846154 0.0516025641025641 0.035576923076923075
5 0.47836538461538464 0.6532451923076923 0.04006410256410257 0.03028846153846154
5 0.4328525641025641 0.6766826923076923 0.04871794871794872 0.03533653846153846
3 0.6211538461538462 0.6996394230769231 0.14935897435897436 0.10264423076923077
5 0.7721153846153846 0.7044471153846154 0.13076923076923078 0.10048076923076923
5 0.6583333333333333 0.7652644230769231 0.12243589743589743 0.07764423076923077
4 0.6879807692307692 0.45084134615384613 0.028525641025641025 0.020432692307692308
3 0.6274038461538461 0.9719951923076923 0.05641025641025641 0.051682692307692304
