3 0.3371794871794872 0.1751201923076923 0.09775641025641026 0.08125
5 0.19262820512820514 0.29615384615384616 0.11185897435897436 0.08461538461538462
5 0.4235576923076923 0.36814903846153846 0.09615384615384616 0.08028846153846154
4 0.9395833333333333 0.3817307692307692 0.11955128205128206 0.09423076923076923
5 0.49182692307692305 0.4830528846153846 0.06923076923076923 0.03581730769230769
5 0.37596153846153846 0.5039663461538462 0.05993589743589744 0.05336538461538461
4 0.31153846153846154 0.4774038461538462 0.14903846153846154 0.10841346153846154
4 0.03413461538461538 0.6194711538461538 0.05993589743589744 0.04230769230769231
3 0.528525641025641 0.5891826923076923 0.13685897435897437 0.09951923076923076
5 0.3467948717948718 0.6122596153846154 0.09487179487179487 0.07091346153846154
5 0.48333333333333334 0.6830528846153846 0.06794871794871794 0.04975961538461538
5 0.3998397435897436 0.7292067307692308 0.055448717948717946 0.046153846153846156
5 0.4639423076923077 0.7604567307692308 0.06474358974358975 0.04951923076923077
