4 0.3490384615384615 0.47475961538461536 0.09615384615384616 0.059375
3 0.6317307692307692 0.35 0.10608974358974359 0.07908653846153846
3 0.6828525641025641 0.3996394230769231 0.11955128205128206 0.08822115384615385
5 0.6145833333333334 0.46838942307692305 0.09711538461538462 0.07548076923076923
5 0.6358974358974359 0.49182692307692305 0.06506410256410257 0.04375
5 0.21137820512820513 0.4328125 0.10608974358974359 0.07764423076923077
5 0.358974358974359 0.5076923076923077 0.09134615384615384 0.06322115384615384
5 0.4650641025641026 0.5259615384615385 0.09711538461538462 0.06778846153846153
5 0.5841346153846154 0.5342548076923077 0.08846153846153847 0.0641826923076923
5 0.6123397435897436 0.5848557692307692 0.0342948717948718 0.02716346153846154
5 0.5139423076923076 0.5811298076923077 0.07147435897435897 0.05889423076923077
5 0.3647435897435897 0.5667067307692307 0.075 0.05552884615384615
5 0.44583333333333336 0.6063701923076923 0.08205128205128205 0.06682692307692308
5 0.3663461538461538 0.6221153846153846 0.07435897435897436 0.05360576923076923
5 0.32580128205128206 0.5485576923076924 0.0483974358974359 0.057692307692307696
5 0.3373397435897436 0.6504807692307693 0.07852564102564102 0.05456730769230769
5 0.40384615384615385 0.6439903846153846 0.061217948717948716 0.04951923076923077
5 0.6317307692307692 0.42908653846153844 0.08397435897435897 0.05360576923076923
