5 0.916826923076923 0.1469951923076923 0.16474358974358974 0.19615384615384615
5 0.7528846153846154 0.2985576923076923 0.19326923076923078 0.15072115384615384
3 0.5618589743589744 0.09146634615384615 0.06987179487179487 0.05889423076923077
3 0.5717948717948718 0.14459134615384617 0.07115384615384615 0.059375
5 0.5152243589743589 0.15625 0.06762820512820512 0.05336538461538461
5 0.846474358974359 0.4205528846153846 0.15544871794871795 0.11610576923076923
4 0.4544871794871795 0.4625 0.2532051282051282 0.19038461538461537
4 0.2344551282051282 0.41310096153846154 0.21602564102564104 0.15552884615384616
4 0.2049679487179487 0.6149038461538462 0.2108974358974359 0.1519230769230769
3 0.4326923076923077 0.64375 0.1955128205128205 0.1423076923076923
