4 0.5238782051282052 0.4231971153846154 0.12403846153846154 0.09423076923076923
3 0.5360576923076923 0.47079326923076925 0.10673076923076923 0.04278846153846154
5 0.5503205128205129 0.5070913461538461 0.07788461538461539 0.052403846153846155
4 0.591025641025641 0.5442307692307692 0.11185897435897436 0.0829326923076923
5 0.5011217948717949 0.5342548076923077 0.06217948717948718 0.04495192307692308
5 0.6097756410256411 0.5777644230769231 0.08974358974358974 0.050721153846153846
3 0.37916666666666665 0.6317307692307692 0.11057692307692307 0.09302884615384616
4 0.33221153846153845 0.7143028846153846 0.13814102564102565 0.11394230769230769
5 0.38253205128205126 0.7439903846153846 0.10256410256410256 0.08942307692307692
5 0.5150641025641025 0.7308894230769231 0.09711538461538462 0.058173076923076925
5 0.5254807692307693 0.7787259615384615 0.1076923076923077 0.0829326923076923
3 0.5365384615384615 0.8615384615384616 0.11955128205128206 0.08701923076923077
5 0.33605769230769234 0.9481971153846154 0.12916666666666668 0.103125
4 0.6506410256410257 0.9198317307692307 0.1391025641025641 0.11538461538461539
