5 0.11121794871794871 0.03545673076923077 0.13846153846153847 0.07067307692307692
5 0.06666666666666667 0.09759615384615385 0.13333333333333333 0.11225961538461539
5 0.33766025641025643 0.12860576923076922 0.13173076923076923 0.10793269230769231
5 0.047275641025641024 0.20024038461538463 0.09423076923076923 0.08341346153846153
5 0.2267628205128205 0.2283653846153846 0.1346153846153846 0.10841346153846154
5 0.11650641025641026 0.28341346153846153 0.09423076923076923 0.0733173076923077
3 0.4423076923076923 0.28846153846153844 0.11474358974358974 0.09302884615384616
4 0.6113782051282052 0.2753605769230769 0.12243589743589743 0.0920673076923077
5 0.5599358974358974 0.36334134615384617 0.09967948717948719 0.075
5 0.40673076923076923 0.4015625 0.09262820512820513 0.06947115384615385
5 0.5222756410256411 0.42007211538461536 0.08974358974358974 0.06802884615384615
5 0.3935897435897436 0.4514423076923077 0.08493589743589744 0.05625
5 0.4873397435897436 0.47836538461538464 0.0733974358974359 0.051923076923076926
5 0.41778846153846155 0.5020432692307693 0.05993589743589744 0.046634615384615385
3 0.04599358974358975 0.7455528846153846 0.041987179487179484 0.03317307692307692
4 0.4979166666666667 0.8712740384615385 0.08044871794871795 0.06802884615384615
3 0.433974358974359 0.7686298076923077 0.06314102564102564 0.051201923076923075
5 0.40705128205128205 0.7951923076923076 0.04903846153846154 0.03701923076923077
5 0.37580128205128205 0.8157451923076923 0.06025641025641026 0.046634615384615385
5 0.3657051282051282 0.8598557692307692 0.05512820512820513 0.04927884615384615
5 0.44326923076923075 0.9121394230769231 0.06826923076923076 0.05673076923076923
5 0.4030448717948718 0.9586538461538462 0.057692307692307696 0.04567307692307692
5 0.4480769230769231 0.9754807692307692 0.07083333333333333 0.048317307692307694
5 0.4846153846153846 0.78125 0.03205128205128205 0.028125
5 0.5153846153846153 0.7490384615384615 0.04551282051282051 0.035096153846153846
4 0.5713141025641025 0.7858173076923077 0.058653846153846154 0.047115384615384615
3 0.5405448717948718 0.8360576923076923 0.046153846153846156 0.040625
3 0.6626602564102564 0.9096153846153846 0.06955128205128205 0.05504807692307692
3 0.6900641025641026 0.8177884615384615 0.06346153846153846 0.051201923076923075
5 0.6323717948717948 0.7192307692307692 0.05641025641025641 0.04423076923076923
5 0.558974358974359 0.7409855769230769 0.05576923076923077 0.040865384615384616
