4 0.6323717948717948 0.1076923076923077 0.21794871794871795 0.18389423076923078
4 0.509775641025641 0.2502403846153846 0.19294871794871796 0.15552884615384616
4 0.33605769230769234 0.39855769230769234 0.24326923076923077 0.17860576923076923
5 0.40625 0.6306490384615384 0.16121794871794873 0.1283653846153846
5 0.46955128205128205 0.7114182692307692 0.1483974358974359 0.1346153846153846
5 0.500801282051282 0.7939903846153846 0.13397435897435897 0.10576923076923077
5 0.38814102564102565 0.8008413461538462 0.1125 0.10865384615384616
5 0.2644230769230769 0.7932692307692307 0.16891025641025642 0.13149038461538462
5 0.24727564102564104 0.901201923076923 0.13814102564102565 0.11057692307692307
5 0.3424679487179487 0.9188701923076923 0.12692307692307692 0.11274038461538462
