4 0.7017628205128205 0.2673076923076923 0.13173076923076923 0.11442307692307692
4 0.6107371794871795 0.2360576923076923 0.12243589743589743 0.09639423076923077
4 0.6160256410256411 0.32764423076923077 0.11185897435897436 0.09519230769230769
3 0.7490384615384615 0.35 0.12756410256410255 0.1
4 0.5913461538461539 0.37451923076923077 0.11602564102564103 0.10432692307692308
5 0.7511217948717949 0.4485576923076923 0.12115384615384615 0.09423076923076923
5 0.6091346153846153 0.47704326923076923 0.10833333333333334 0.08605769230769231
5 0.7360576923076924 0.5348557692307693 0.10256410256410256 0.08173076923076923
4 0.3371794871794872 0.3942307692307692 0.10032051282051282 0.078125
4 0.19118589743589742 0.40564903846153844 0.12403846153846154 0.09639423076923077
3 0.3737179487179487 0.4598557692307692 0.09423076923076923 0.06899038461538462
3 0.2641025641025641 0.4679086538461538 0.09967948717948719 0.08125
3 0.3469551282051282 0.5085336538461539 0.10224358974358974 0.08197115384615385
4 0.04439102564102564 0.37680288461538464 0.033012820512820513 0.020432692307692308
4 0.05641025641025641 0.3935096153846154 0.028846153846153848 0.019471153846153846
4 0.8942307692307693 0.3183894230769231 0.03942307692307692 0.031009615384615385
4 0.8865384615384615 0.2998798076923077 0.03493589743589744 0.02403846153846154
3 0.8392628205128205 0.33221153846153845 0.03012820512820513 0.028125
5 0.8338141025641026 0.35372596153846153 0.032371794871794875 0.024278846153846154
3 0.8971153846153846 0.3412259615384615 0.03685897435897436 0.024278846153846154
4 0.6293269230769231 0.8106971153846154 0.06891025641025642 0.06466346153846154
4 0.5701923076923077 0.8116586538461539 0.0516025641025641 0.03221153846153846
5 0.5894230769230769 0.7945913461538462 0.04423076923076923 0.03341346153846154
4 0.666025641025641 0.91875 0.08557692307692308 0.06778846153846153
4 0.657051282051282 0.9497596153846154 0.07435897435897436 0.058653846153846154
4 0.7168269230769231 0.9864182692307693 0.08814102564102565 0.026442307692307692
5 0.31650641025641024 0.24146634615384616 0.03012820512820513 0.023076923076923078
5 0.33237179487179486 0.2544471153846154 0.027564102564102563 0.020673076923076922
5 0.34807692307692306 0.2681490384615385 0.023076923076923078 0.018509615384615385
5 0.3006410256410256 0.25564903846153847 0.02532051282051282 0.01514423076923077
