5 0.5838141025641026 0.05216346153846154 0.14038461538461539 0.10360576923076924
5 0.9147435897435897 0.04591346153846154 0.16762820512820512 0.09158653846153846
5 0.8548076923076923 0.15853365384615384 0.1189102564102564 0.08990384615384615
5 0.6722756410256411 0.21790865384615385 0.1076923076923077 0.07427884615384615
5 0.6455128205128206 0.25072115384615384 0.14743589743589744 0.11274038461538462
5 0.8565705128205128 0.2890625 0.13173076923076923 0.0829326923076923
5 0.7902243589743589 0.2841346153846154 0.03621794871794872 0.05721153846153846
5 0.6661858974358974 0.32764423076923077 0.11634615384615385 0.07379807692307692
5 0.5767628205128205 0.33389423076923075 0.075 0.056490384615384616
3 0.583974358974359 0.32584134615384613 0.11794871794871795 0.1
5 0.6764423076923077 0.3951923076923077 0.058333333333333334 0.0798076923076923
4 0.39775641025641023 0.3078125 0.16153846153846155 0.1360576923076923
3 0.5490384615384616 0.4383413461538462 0.11506410256410256 0.0920673076923077
3 0.4889423076923077 0.4859375 0.12564102564102564 0.10144230769230769
5 0.3875 0.540625 0.12307692307692308 0.09230769230769231
5 0.4775641025641026 0.5993990384615384 0.12211538461538461 0.09110576923076923
5 0.3995192307692308 0.6796875 0.11923076923076924 0.09399038461538461
4 0.2248397435897436 0.6615384615384615 0.11153846153846154 0.0798076923076923
4 0.25977564102564105 0.7289663461538461 0.09455128205128205 0.07572115384615384
3 0.31506410256410255 0.7950721153846154 0.10096153846153846 0.08197115384615385
5 0.25432692307692306 0.7876201923076923 0.07115384615384615 0.06081730769230769
5 0.30625 0.8860576923076923 0.08044871794871795 0.06778846153846153
5 0.7397435897435898 0.30865384615384617 0.08461538461538462 0.047115384615384615
