3 0.8668269230769231 0.7984375 0.03365384615384615 0.028846153846153848
3 0.8405448717948718 0.8063701923076924 0.03942307692307692 0.03125
3 0.8142628205128205 0.7924278846153846 0.028846153846153848 0.022596153846153846
3 0.8168269230769231 0.8171875 0.03397435897435897 0.027644230769230768
5 0.8528846153846154 0.8223557692307693 0.03205128205128205 0.017788461538461538
4 0.697275641025641 0.7774038461538462 0.0342948717948718 0.02860576923076923
3 0.6887820512820513 0.7955528846153846 0.03365384615384615 0.026201923076923078
3 0.6677884615384615 0.7748798076923077 0.027884615384615386 0.03317307692307692
5 0.09759615384615385 0.43954326923076925 0.0733974358974359 0.051201923076923075
5 0.08733974358974358 0.4824519230769231 0.07211538461538461 0.05
5 0.11682692307692308 0.5087740384615385 0.05673076923076923 0.036298076923076926
5 0.09647435897435898 0.5459134615384615 0.049679487179487176 0.035096153846153846
5 0.046955128205128205 0.5670673076923077 0.04775641025641025 0.03028846153846154
5 0.014423076923076924 0.5014423076923077 0.027884615384615386 0.04278846153846154
5 0.014423076923076924 0.5510817307692307 0.027243589743589744 0.032692307692307694
5 0.5947115384615385 0.28329326923076925 0.1371794871794872 0.09951923076923076
5 0.6275641025641026 0.40444711538461536 0.1544871794871795 0.1076923076923077
5 0.5663461538461538 0.4765625 0.12596153846153846 0.09278846153846154
5 0.8833333333333333 0.4469951923076923 0.1564102564102564 0.11538461538461539
5 0.8894230769230769 0.5133413461538462 0.028846153846153848 0.018990384615384614
5 0.8157051282051282 0.5567307692307693 0.1326923076923077 0.10408653846153847
5 0.9083333333333333 0.512860576923077 0.02435897435897436 0.018509615384615385
5 0.8557692307692307 0.7264423076923077 0.03621794871794872 0.025961538461538463
5 0.825 0.7099759615384615 0.035897435897435895 0.026682692307692307
5 0.6362179487179487 0.5741586538461538 0.12147435897435897 0.09399038461538461
5 0.7442307692307693 0.6233173076923076 0.12628205128205128 0.10336538461538461
5 0.3075320512820513 0.7783653846153846 0.023397435897435898 0.019230769230769232
5 0.2907051282051282 0.7950721153846154 0.02467948717948718 0.019471153846153846
5 0.28349358974358974 0.8104567307692307 0.020192307692307693 0.01610576923076923
5 0.27868589743589745 0.8259615384615384 0.01858974358974359 0.014423076923076924
5 0.3155448717948718 0.8112980769230769 0.015705128205128205 0.014903846153846155
5 0.3091346153846154 0.7951923076923076 0.016346153846153847 0.014663461538461538
4 0.6128205128205129 0.8663461538461539 0.020192307692307693 0.021875
3 0.257051282051282 0.7793269230769231 0.022756410256410255 0.01610576923076923
5 0.8355769230769231 0.35 0.1657051282051282 0.12091346153846154
3 0.9892628205128206 0.8262019230769231 0.020833333333333332 0.026923076923076925
