4 0.4373397435897436 0.2997596153846154 0.1596153846153846 0.12788461538461537
5 0.04887820512820513 0.3622596153846154 0.0955128205128205 0.07019230769230769
3 0.5161858974358975 0.43353365384615383 0.1346153846153846 0.10432692307692308
5 0.021794871794871794 0.42536057692307694 0.04262820512820513 0.05673076923076923
3 0.32035256410256413 0.46045673076923077 0.17596153846153847 0.13149038461538462
4 0.43477564102564104 0.5415865384615385 0.09391025641025641 0.07091346153846154
3 0.38990384615384616 0.580889423076923 0.06698717948717949 0.054086538461538464
5 0.6240384615384615 0.575360576923077 0.14038461538461539 0.1125
5 0.4842948717948718 0.5804086538461538 0.14262820512820512 0.11322115384615385
5 0.5225961538461539 0.6542067307692307 0.14006410256410257 0.10288461538461538
5 0.6137820512820513 0.7111778846153847 0.11282051282051282 0.08629807692307692
5 0.4169871794871795 0.6576923076923077 0.07916666666666666 0.06370192307692307
5 0.5341346153846154 0.7271634615384616 0.0810897435897436 0.06298076923076923
5 0.3416666666666667 0.6931490384615384 0.07243589743589744 0.056490384615384616
5 0.38125 0.7212740384615385 0.05705128205128205 0.03798076923076923
5 0.4496794871794872 0.7305288461538462 0.055448717948717946 0.03894230769230769
5 0.38846153846153847 0.7497596153846153 0.06923076923076923 0.05456730769230769
5 0.44727564102564105 0.8013221153846154 0.13942307692307693 0.10889423076923077
5 0.55625 0.8161057692307693 0.10961538461538461 0.09254807692307693
