5 0.36955128205128207 0.1594951923076923 0.058653846153846154 0.051682692307692304
5 0.3328525641025641 0.21334134615384615 0.052243589743589745 0.04110576923076923
5 0.3641025641025641 0.23834134615384617 0.05064102564102564 0.04375
5 0.34759615384615383 0.28137019230769234 0.04519230769230769 0.04038461538461539
4 0.3128205128205128 0.3605769230769231 0.05480769230769231 0.041346153846153845
4 0.3230769230769231 0.4522836538461538 0.049679487179487176 0.03485576923076923
4 0.5033653846153846 0.4054086538461538 0.11955128205128206 0.09519230769230769
4 0.5344551282051282 0.49254807692307695 0.11378205128205128 0.08653846153846154
4 0.5046474358974359 0.5545673076923077 0.03685897435897436 0.05576923076923077
4 0.4565705128205128 0.5707932692307692 0.09166666666666666 0.07283653846153847
3 0.5719551282051282 0.5677884615384615 0.1189102564102564 0.08581730769230769
4 0.5192307692307693 0.6212740384615385 0.10384615384615385 0.0798076923076923
5 0.6692307692307692 0.5716346153846154 0.09166666666666666 0.0798076923076923
4 0.4466346153846154 0.6725961538461539 0.11634615384615385 0.09495192307692307
3 0.5102564102564102 0.7026442307692308 0.0733974358974359 0.07596153846153846
5 0.3737179487179487 0.6850961538461539 0.0516025641025641 0.06995192307692308
5 0.43012820512820515 0.7286057692307693 0.0907051282051282 0.04903846153846154
5 0.47692307692307695 0.7575721153846153 0.07692307692307693 0.05
5 0.39375 0.7728365384615384 0.08974358974358974 0.06754807692307692
5 0.44583333333333336 0.8036057692307692 0.05929487179487179 0.04471153846153846
5 0.3729166666666667 0.7377403846153846 0.0391025641025641 0.0375
5 0.3248397435897436 0.4092548076923077 0.047115384615384615 0.03389423076923077
5 0.31298076923076923 0.48665865384615387 0.04262820512820513 0.028125
5 0.29294871794871796 0.5133413461538462 0.04294871794871795 0.028125
5 0.3211538461538462 0.5469951923076923 0.040705128205128206 0.026442307692307692
5 0.2833333333333333 0.5347355769230769 0.035256410256410256 0.021875
5 0.24599358974358973 0.5443509615384615 0.03012820512820513 0.020913461538461537
5 0.35 0.5403846153846154 0.03141025641025641 0.026442307692307692
5 0.35096153846153844 0.5637019230769231 0.026282051282051282 0.018990384615384614
5 0.2743589743589744 0.5627403846153847 0.027243589743589744 0.018509615384615385
5 0.3860576923076923 0.30649038461538464 0.027884615384615386 0.02139423076923077
5 0.34967948717948716 0.33076923076923076 0.03076923076923077 0.01971153846153846
