5 0.19887820512820512 0.049639423076923074 0.13685897435897437 0.09831730769230769
5 0.12083333333333333 0.04447115384615385 0.06346153846153846 0.08822115384615385
5 0.052403846153846155 0.025841346153846152 0.10480769230769231 0.05144230769230769
4 0.5870192307692308 0.2092548076923077 0.15128205128205127 0.1485576923076923
4 0.3974358974358974 0.28846153846153844 0.1798076923076923 0.14110576923076923
4 0.5435897435897435 0.38209134615384616 0.2032051282051282 0.15985576923076922
4 0.39855769230769234 0.4991586538461538 0.21474358974358973 0.15625
4 0.5782051282051283 0.5469951923076923 0.1875 0.1391826923076923
4 0.05112179487179487 0.5686298076923076 0.09423076923076923 0.06538461538461539
3 0.0673076923076923 0.5913461538461539 0.08782051282051281 0.052403846153846155
5 0.39278846153846153 0.6594951923076923 0.16826923076923078 0.13197115384615385
5 0.5168269230769231 0.775 0.11955128205128206 0.09831730769230769
5 0.40705128205128205 0.8063701923076924 0.1503205128205128 0.121875
