3 0.5959935897435897 0.33353365384615385 0.16025641025641027 0.12884615384615383
4 0.4405448717948718 0.3395432692307692 0.19262820512820514 0.14879807692307692
3 0.653525641025641 0.47692307692307695 0.18557692307692308 0.1346153846153846
4 0.4889423076923077 0.5472355769230769 0.18461538461538463 0.14326923076923076
4 0.38253205128205126 0.5467548076923077 0.08846153846153847 0.11274038461538462
5 0.683974358974359 0.5889423076923077 0.1346153846153846 0.10360576923076924
5 0.6073717948717948 0.6752403846153846 0.1375 0.10649038461538461
5 0.5081730769230769 0.6496394230769231 0.13205128205128205 0.09735576923076923
5 0.4323717948717949 0.6819711538461538 0.1032051282051282 0.07283653846153847
5 0.45897435897435895 0.7625 0.10480769230769231 0.08221153846153846
5 0.37435897435897436 0.7966346153846153 0.07916666666666666 0.06129807692307692
5 0.37756410256410255 0.7450721153846154 0.07147435897435897 0.05504807692307692
