5 0.5870192307692308 0.203125 0.15256410256410258 0.12235576923076923
4 0.6682692307692307 0.10024038461538462 0.06698717948717949 0.07283653846153847
5 0.7560897435897436 0.109375 0.07403846153846154 0.06850961538461539
5 0.8926282051282052 0.15348557692307693 0.0733974358974359 0.051923076923076926
5 0.8822115384615384 0.2310096153846154 0.0685897435897436 0.047115384615384615
5 0.9432692307692307 0.23689903846153845 0.06185897435897436 0.046634615384615385
5 0.7375 0.3170673076923077 0.15897435897435896 0.11778846153846154
5 0.5828525641025641 0.3515625 0.11634615384615385 0.09783653846153846
5 0.642948717948718 0.47560096153846154 0.06762820512820512 0.04639423076923077
5 0.5447115384615384 0.5063701923076923 0.075 0.058173076923076925
5 0.6336538461538461 0.5942307692307692 0.07916666666666666 0.05625
5 0.509775641025641 0.7594951923076924 0.1762820512820513 0.1283653846153846
4 0.41458333333333336 0.8284855769230769 0.21314102564102563 0.16778846153846153
4 0.20384615384615384 0.6391826923076923 0.18044871794871795 0.13846153846153847
5 0.3112179487179487 0.7889423076923077 0.06474358974358975 0.05985576923076923
5 0.3158653846153846 0.8504807692307692 0.0891025641025641 0.11057692307692307
