3 0.9221153846153847 0.20612980769230768 0.15416666666666667 0.13365384615384615
4 0.7185897435897436 0.3393028846153846 0.20737179487179488 0.1519230769230769
5 0.7634615384615384 0.48425480769230766 0.13974358974358975 0.10048076923076923
5 0.6621794871794872 0.5632211538461539 0.11634615384615385 0.09230769230769231
5 0.8003205128205129 0.5979567307692307 0.10544871794871795 0.07764423076923077
5 0.8516025641025641 0.6881009615384616 0.17051282051282052 0.12716346153846153
5 0.5942307692307692 0.9878605769230769 0.07628205128205129 0.023557692307692307
5 0.5918269230769231 0.8191105769230769 0.11121794871794871 0.09735576923076923
5 0.8469551282051282 0.8270432692307692 0.15897435897435896 0.11850961538461538
5 0.7663461538461539 0.8490384615384615 0.10705128205128205 0.09423076923076923
5 0.5735576923076923 0.7151442307692307 0.07916666666666666 0.031009615384615385
5 0.5770833333333333 0.7362980769230769 0.03621794871794872 0.015625
4 0.5770833333333333 0.6448317307692307 0.17467948717948717 0.12524038461538461
4 0.5793269230769231 0.5314903846153847 0.14551282051282052 0.11177884615384616
5 0.4634615384615385 0.5759615384615384 0.09134615384615384 0.040865384615384616
5 0.46137820512820515 0.6405048076923077 0.047435897435897434 0.03822115384615385
5 0.4173076923076923 0.6375 0.058333333333333334 0.031009615384615385
3 0.41875 0.6050480769230769 0.07307692307692308 0.05336538461538461
4 0.4376602564102564 0.5423076923076923 0.16314102564102564 0.06923076923076923
4 0.3580128205128205 0.5381009615384615 0.061217948717948716 0.06081730769230769
4 0.45080128205128206 0.46490384615384617 0.22243589743589742 0.1625
5 0.5352564102564102 0.40588942307692305 0.06666666666666667 0.04110576923076923
5 0.3560897435897436 0.41875 0.047435897435897434 0.04471153846153846
4 0.24375 0.4651442307692308 0.05480769230769231 0.040865384615384616
4 0.29775641025641025 0.4905048076923077 0.05480769230769231 0.039663461538461536
3 0.25256410256410255 0.49951923076923077 0.05384615384615385 0.03822115384615385
3 0.2918269230769231 0.5277644230769231 0.05032051282051282 0.036298076923076926
4 0.052564102564102565 0.3063701923076923 0.049679487179487176 0.036298076923076926
4 0.014262820512820512 0.3228365384615385 0.028205128205128206 0.038461538461538464
5 0.04487179487179487 0.34194711538461536 0.040705128205128206 0.03581730769230769
5 0.08012820512820513 0.3763221153846154 0.03333333333333333 0.02451923076923077
5 0.07964743589743589 0.3971153846153846 0.02532051282051282 0.018509615384615385
5 0.09102564102564102 0.4016826923076923 0.035897435897435895 0.023076923076923078
