5 0.9314102564102564 0.12079326923076923 0.13557692307692307 0.18990384615384615
5 0.8131410256410256 0.19615384615384615 0.075 0.0829326923076923
4 0.7552884615384615 0.24615384615384617 0.23525641025641025 0.18653846153846154
4 0.7040064102564103 0.3780048076923077 0.20608974358974358 0.1516826923076923
4 0.5392628205128205 0.42584134615384617 0.18878205128205128 0.16610576923076922
4 0.2299679487179487 0.4675480769230769 0.07692307692307693 0.10360576923076924
3 0.44727564102564105 0.5354567307692307 0.10961538461538461 0.09423076923076923
3 0.290224358974359 0.6163461538461539 0.21025641025641026 0.15504807692307693
5 0.5998397435897436 0.5387019230769231 0.1560897435897436 0.11658653846153846
5 0.5442307692307692 0.6081730769230769 0.12051282051282051 0.08605769230769231
5 0.5072115384615384 0.6973557692307693 0.17596153846153847 0.13413461538461538
5 0.3423076923076923 0.7347355769230769 0.1608974358974359 0.12860576923076922
5 0.44887820512820514 0.747235576923077 0.09871794871794871 0.08317307692307692
5 0.5719551282051282 0.7420673076923077 0.10480769230769231 0.08269230769230769
5 0.5033653846153846 0.8272836538461539 0.13685897435897437 0.09302884615384616
5 0.47996794871794873 0.8978365384615384 0.1753205128205128 0.14807692307692308
5 0.4823717948717949 0.9717548076923077 0.13525641025641025 0.05552884615384615
5 0.34326923076923077 0.9427884615384615 0.11153846153846154 0.096875
4 0.18333333333333332 0.8054086538461539 0.07115384615384615 0.05360576923076923
4 0.1283653846153846 0.8475961538461538 0.08814102564102565 0.058173076923076925
5 0.15705128205128205 0.8682692307692308 0.05448717948717949 0.04158653846153846
