4 0.4953525641025641 0.3908653846153846 0.2567307692307692 0.1764423076923077
3 0.2267628205128205 0.4324519230769231 0.20544871794871794 0.14158653846153846
5 0.41025641025641024 0.5411057692307693 0.1858974358974359 0.125
5 0.2376602564102564 0.5866586538461539 0.1967948717948718 0.14471153846153847
5 0.34759615384615383 0.6007211538461539 0.08044871794871795 0.07115384615384615
4 0.45368589743589743 0.7506009615384616 0.12467948717948718 0.09831730769230769
5 0.3780448717948718 0.8305288461538461 0.11474358974358974 0.09302884615384616
5 0.4440705128205128 0.8289663461538461 0.04903846153846154 0.06370192307692307
4 0.7012820512820512 0.4826923076923077 0.14775641025641026 0.10168269230769231
4 0.7280448717948718 0.5992788461538462 0.1608974358974359 0.12307692307692308
4 0.8182692307692307 0.6811298076923077 0.10416666666666667 0.07716346153846154
5 0.7238782051282051 0.7060096153846154 0.12307692307692308 0.09110576923076923
3 0.7995192307692308 0.737139423076923 0.09423076923076923 0.05841346153846154
4 0.8963141025641026 0.7561298076923076 0.10416666666666667 0.07908653846153846
4 0.8056089743589744 0.8110576923076923 0.12371794871794872 0.096875
