3 0.8477564102564102 0.22355769230769232 0.29102564102564105 0.19230769230769232
4 0.558974358974359 0.25877403846153846 0.27724358974358976 0.21009615384615385
5 0.7698717948717949 0.3859375 0.21314102564102563 0.15673076923076923
4 0.3193910256410256 0.3921875 0.10544871794871795 0.09158653846153846
4 0.22451923076923078 0.39663461538461536 0.11826923076923077 0.08990384615384615
5 0.5493589743589744 0.4841346153846154 0.19743589743589743 0.14014423076923077
5 0.7509615384615385 0.5838942307692307 0.19391025641025642 0.13701923076923078
5 0.6756410256410257 0.7413461538461539 0.0919871794871795 0.07211538461538461
5 0.527724358974359 0.7168269230769231 0.11217948717948718 0.08149038461538462
5 0.4830128205128205 0.6661057692307693 0.14967948717948718 0.10841346153846154
5 0.3698717948717949 0.6520432692307693 0.07403846153846154 0.056490384615384616
5 0.3940705128205128 0.5742788461538462 0.06698717948717949 0.06274038461538461
5 0.32003205128205126 0.5998798076923076 0.09775641025641026 0.07764423076923077
3 0.3817307692307692 0.48064903846153845 0.09326923076923077 0.07379807692307692
4 0.2419871794871795 0.4908653846153846 0.12724358974358974 0.09278846153846154
4 0.027724358974358973 0.43822115384615384 0.05448717948717949 0.05600961538461539
4 0.0342948717948718 0.3808894230769231 0.0685897435897436 0.05384615384615385
