5 0.43477564102564104 0.6789663461538461 0.04038461538461539 0.03173076923076923
5 0.41474358974358977 0.6713942307692308 0.047115384615384615 0.035576923076923075
5 0.3501602564102564 0.6598557692307693 0.052243589743589745 0.04110576923076923
5 0.2985576923076923 0.6955528846153847 0.05384615384615385 0.03341346153846154
5 0.3483974358974359 0.7066105769230769 0.05 0.042067307692307696
5 0.29791666666666666 0.7258413461538461 0.052243589743589745 0.041346153846153845
5 0.3681089743589744 0.709375 0.04262820512820513 0.032692307692307694
5 0.3171474358974359 0.7474759615384615 0.04423076923076923 0.03581730769230769
5 0.36025641025641025 0.752764423076923 0.04807692307692308 0.03990384615384615
5 0.33381410256410254 0.7757211538461538 0.04294871794871795 0.02980769230769231
3 0.25737179487179485 0.6754807692307693 0.05897435897435897 0.04110576923076923
5 0.1889423076923077 0.6643028846153847 0.051923076923076926 0.036778846153846155
4 0.23365384615384616 0.6402644230769231 0.06442307692307692 0.051682692307692304
4 0.20705128205128207 0.6203125 0.06474358974358975 0.04423076923076923
3 0.15817307692307692 0.6068509615384615 0.05641025641025641 0.04110576923076923
4 0.2881410256410256 0.6056490384615385 0.058012820512820515 0.04350961538461538
3 0.23717948717948717 0.5854567307692308 0.058653846153846154 0.043028846153846154
4 0.21746794871794872 0.5705528846153847 0.05384615384615385 0.036057692307692304
4 0.26650641025641025 0.55625 0.05352564102564102 0.03918269230769231
3 0.3033653846153846 0.5775240384615384 0.04551282051282051 0.032692307692307694
4 0.34375 0.6026442307692308 0.05416666666666667 0.04399038461538462
3 0.37724358974358974 0.6286057692307693 0.05448717948717949 0.03870192307692308
5 0.36666666666666664 0.5638221153846154 0.040705128205128206 0.03317307692307692
4 0.34294871794871795 0.5241586538461539 0.05128205128205128 0.03533653846153846
5 0.5126602564102564 0.5890625 0.046474358974358976 0.03389423076923077
3 0.4719551282051282 0.5360576923076923 0.05448717948717949 0.03798076923076923
4 0.47275641025641024 0.4963942307692308 0.055448717948717946 0.042548076923076925
5 0.40224358974358976 0.5009615384615385 0.05 0.03894230769230769
4 0.5684294871794872 0.5204326923076923 0.05929487179487179 0.041826923076923074
4 0.7248397435897436 0.50625 0.05512820512820513 0.04230769230769231
4 0.1501602564102564 0.4424278846153846 0.02564102564102564 0.016346153846153847
3 0.1310897435897436 0.42560096153846155 0.02435897435897436 0.014182692307692308
3 0.09326923076923077 0.43545673076923075 0.021474358974358974 0.017548076923076923
5 0.14326923076923076 0.2722355769230769 0.03141025641025641 0.02283653846153846
5 0.08445512820512821 0.2544471153846154 0.035576923076923075 0.027884615384615386
5 0.1371794871794872 0.29915865384615387 0.026923076923076925 0.018990384615384614
5 0.18509615384615385 0.2703125 0.02532051282051282 0.022115384615384617
5 0.051762820512820516 0.2605769230769231 0.0342948717948718 0.026923076923076925
5 0.1342948717948718 0.2283653846153846 0.03653846153846154 0.027403846153846154
5 0.17403846153846153 0.21574519230769232 0.03685897435897436 0.028125
5 0.08012820512820513 0.19555288461538461 0.047115384615384615 0.03341346153846154
5 0.06570512820512821 0.20564903846153845 0.0375 0.029326923076923077
3 0.12724358974358974 0.16778846153846153 0.04262820512820513 0.03389423076923077
3 0.15657051282051282 0.140625 0.04391025641025641 0.03533653846153846
4 0.07115384615384615 0.13581730769230768 0.04230769230769231 0.02980769230769231
3 0.09919871794871794 0.10384615384615385 0.03685897435897436 0.028365384615384615
5 0.17067307692307693 0.23341346153846154 0.03397435897435897 0.019951923076923075
5 0.4169871794871795 0.4813701923076923 0.03173076923076923 0.031009615384615385
5 0.027403846153846154 0.21586538461538463 0.020512820512820513 0.016346153846153847
5 0.027243589743589744 0.23858173076923078 0.022756410256410255 0.01610576923076923
5 0.06971153846153846 0.32908653846153846 0.01858974358974359 0.013701923076923077
5 0.04423076923076923 0.3623798076923077 0.021153846153846155 0.013461538461538462
5 0.08942307692307692 0.41634615384615387 0.016666666666666666 0.012740384615384615
