4 0.1998397435897436 0.6889423076923077 0.2403846153846154 0.1814903846153846
4 0.33573717948717946 0.7438701923076924 0.18974358974358974 0.10721153846153846
4 0.31875 0.8703125 0.2483974358974359 0.20961538461538462
5 0.4373397435897436 0.8685096153846154 0.07083333333333333 0.13004807692307693
5 0.533974358974359 0.6757211538461538 0.06025641025641026 0.047596153846153844
5 0.46073717948717946 0.6439903846153846 0.09038461538461538 0.06346153846153846
5 0.45256410256410257 0.5786057692307692 0.10833333333333334 0.07788461538461539
5 0.5447115384615384 0.5848557692307692 0.08269230769230769 0.06346153846153846
3 0.5557692307692308 0.5185096153846154 0.10032051282051282 0.07932692307692307
4 0.44903846153846155 0.503125 0.12756410256410255 0.08149038461538462
4 0.4341346153846154 0.4049278846153846 0.1814102564102564 0.13677884615384617
4 0.6006410256410256 0.4263221153846154 0.13205128205128205 0.10288461538461538
4 0.46987179487179487 0.2264423076923077 0.14615384615384616 0.115625
4 0.38333333333333336 0.2552884615384615 0.09391025641025641 0.07524038461538461
4 0.6828525641025641 0.26153846153846155 0.15416666666666667 0.11754807692307692
