4 0.9834935897435897 0.6044471153846154 0.03141025641025641 0.0733173076923077
4 0.23958333333333334 0.25240384615384615 0.14615384615384616 0.12740384615384615
3 0.38253205128205126 0.3889423076923077 0.1326923076923077 0.09639423076923077
3 0.30480769230769234 0.44182692307692306 0.11955128205128206 0.08942307692307692
3 0.48012820512820514 0.4387019230769231 0.10416666666666667 0.08701923076923077
5 0.41426282051282054 0.4670673076923077 0.1076923076923077 0.06850961538461539
5 0.5825320512820513 0.4344951923076923 0.12884615384615383 0.09423076923076923
5 0.13125 0.47415865384615385 0.1391025641025641 0.10697115384615384
5 0.39310897435897435 0.5217548076923076 0.09903846153846153 0.07908653846153846
5 0.5424679487179487 0.5217548076923076 0.10544871794871795 0.07019230769230769
5 0.7870192307692307 0.5234375 0.09967948717948719 0.0798076923076923
5 0.8003205128205129 0.5659855769230769 0.046153846153846156 0.04278846153846154
5 0.566025641025641 0.5865384615384616 0.11057692307692307 0.08822115384615385
5 0.6740384615384616 0.6348557692307693 0.10544871794871795 0.09038461538461538
5 0.5963141025641026 0.6683894230769231 0.0907051282051282 0.08245192307692308
5 0.551923076923077 0.7405048076923076 0.07435897435897436 0.06850961538461539
5 0.39775641025641023 0.6070913461538462 0.0919871794871795 0.07860576923076923
5 0.45865384615384613 0.6659855769230769 0.0983974358974359 0.0829326923076923
5 0.3072115384615385 0.5873798076923077 0.10192307692307692 0.08725961538461538
5 0.28173076923076923 0.6491586538461539 0.12243589743589743 0.09302884615384616
5 0.10032051282051282 0.6699519230769231 0.12628205128205128 0.08725961538461538
