4 0.8767628205128205 0.039302884615384615 0.24519230769230768 0.07764423076923077
4 0.8283653846153847 0.0641826923076923 0.22756410256410256 0.1283653846153846
5 0.6583333333333333 0.1935096153846154 0.1996794871794872 0.17475961538461537
5 0.9086538461538461 0.3842548076923077 0.18108974358974358 0.16682692307692307
5 0.7004807692307692 0.5491586538461538 0.17467948717948717 0.12716346153846153
5 0.8108974358974359 0.6508413461538461 0.18108974358974358 0.1201923076923077
4 0.45224358974358975 0.6180288461538461 0.13685897435897437 0.10384615384615385
4 0.30272435897435895 0.627764423076923 0.15705128205128205 0.115625
3 0.2987179487179487 0.7063701923076923 0.11634615384615385 0.06586538461538462
4 0.9666666666666667 0.8974759615384615 0.06506410256410257 0.0673076923076923
