4 0.5389423076923077 0.3800480769230769 0.12756410256410255 0.1233173076923077
4 0.43701923076923077 0.4907451923076923 0.14743589743589744 0.12716346153846153
3 0.5046474358974359 0.4558894230769231 0.11025641025641025 0.09711538461538462
3 0.48541666666666666 0.5459134615384615 0.11346153846153846 0.08221153846153846
3 0.3769230769230769 0.5788461538461539 0.13557692307692307 0.11490384615384615
5 0.4238782051282051 0.6253605769230769 0.10961538461538461 0.09519230769230769
5 0.28717948717948716 0.6384615384615384 0.11987179487179488 0.11875
5 0.3682692307692308 0.6969951923076924 0.10673076923076923 0.09519230769230769
4 0.701602564102564 0.8096153846153846 0.033012820512820513 0.040625
4 0.6860576923076923 0.8408653846153846 0.03365384615384615 0.03798076923076923
4 0.747275641025641 0.8447115384615385 0.03782051282051282 0.021153846153846155
4 0.7121794871794872 0.8199519230769231 0.033012820512820513 0.03701923076923077
4 0.8022435897435898 0.8397836538461538 0.035256410256410256 0.04038461538461539
3 0.8078525641025641 0.8735576923076923 0.035576923076923075 0.03389423076923077
3 0.7780448717948718 0.8893028846153846 0.035256410256410256 0.03173076923076923
4 0.01810897435897436 0.5001201923076923 0.03621794871794872 0.04855769230769231
4 0.01987179487179487 0.5335336538461538 0.03974358974358974 0.031490384615384615
4 0.04951923076923077 0.4938701923076923 0.06314102564102564 0.046634615384615385
4 0.04583333333333333 0.5283653846153846 0.028205128205128206 0.039663461538461536
3 0.1421474358974359 0.061778846153846156 0.04775641025641025 0.04350961538461538
5 0.12467948717948718 0.09615384615384616 0.047435897435897434 0.035096153846153846
4 0.7732371794871795 0.5463942307692308 0.05096153846153846 0.04471153846153846
4 0.8248397435897435 0.49627403846153845 0.05576923076923077 0.046153846153846156
5 0.3852564102564103 0.11742788461538461 0.03076923076923077 0.036778846153846155
5 0.3573717948717949 0.14459134615384617 0.03205128205128205 0.03173076923076923
5 0.39855769230769234 0.14326923076923076 0.02980769230769231 0.03293269230769231
5 0.18814102564102564 0.15649038461538461 0.04006410256410257 0.03894230769230769
5 0.37275641025641026 0.16694711538461537 0.028525641025641025 0.030048076923076924
5 0.7599358974358974 0.5806490384615385 0.03621794871794872 0.03365384615384615
