4 0.19326923076923078 0.7133413461538461 0.04230769230769231 0.03125
5 0.21506410256410258 0.7367788461538461 0.03653846153846154 0.03125
5 0.2607371794871795 0.7080528846153846 0.05993589743589744 0.050721153846153846
5 0.3232371794871795 0.7078125 0.06602564102564103 0.05721153846153846
5 0.3575320512820513 0.6664663461538461 0.07596153846153846 0.057451923076923074
5 0.24342948717948718 0.6659855769230769 0.07788461538461539 0.05
5 0.25769230769230766 0.6143028846153846 0.08717948717948718 0.05985576923076923
5 0.3918269230769231 0.5979567307692307 0.08269230769230769 0.05889423076923077
4 0.2793269230769231 0.5467548076923077 0.08974358974358974 0.06682692307692308
4 0.40849358974358974 0.5144230769230769 0.08269230769230769 0.06129807692307692
5 0.6998397435897435 0.8375 0.09935897435897435 0.0798076923076923
5 0.7807692307692308 0.7877403846153846 0.11506410256410256 0.09399038461538461
5 0.6389423076923076 0.7730769230769231 0.10192307692307692 0.0829326923076923
5 0.7801282051282051 0.7289663461538461 0.05 0.029086538461538462
5 0.6022435897435897 0.6881009615384616 0.10256410256410256 0.07379807692307692
5 0.7735576923076923 0.6544471153846154 0.1516025641025641 0.12379807692307693
5 0.5825320512820513 0.5954326923076924 0.13493589743589743 0.09903846153846153
5 0.5107371794871794 0.5637019230769231 0.08525641025641026 0.0673076923076923
5 0.84375 0.5537259615384615 0.14967948717948718 0.10600961538461538
5 0.8852564102564102 0.4110576923076923 0.22852564102564102 0.15360576923076924
5 0.5679487179487179 0.45625 0.17564102564102563 0.12067307692307692
5 0.6613782051282051 0.27920673076923075 0.17692307692307693 0.14927884615384615
5 0.2658653846153846 0.28365384615384615 0.04487179487179487 0.030528846153846153
5 0.2594551282051282 0.24939903846153846 0.04230769230769231 0.036298076923076926
5 0.275 0.20564903846153845 0.038141025641025644 0.04158653846153846
5 0.2623397435897436 0.19314903846153847 0.0532051282051282 0.04230769230769231
5 0.2748397435897436 0.15516826923076923 0.04903846153846154 0.04903846153846154
5 0.24102564102564103 0.10949519230769231 0.06282051282051282 0.04975961538461538
5 0.358974358974359 0.1765625 0.047435897435897434 0.045432692307692306
5 0.37580128205128205 0.2377403846153846 0.047435897435897434 0.03365384615384615
5 0.34294871794871795 0.2627403846153846 0.040705128205128206 0.029086538461538462
5 0.3871794871794872 0.26875 0.041987179487179484 0.03028846153846154
5 0.3959935897435897 0.2980769230769231 0.025 0.02139423076923077
5 0.37772435897435896 0.3116586538461538 0.032371794871794875 0.02548076923076923
5 0.33814102564102566 0.22067307692307692 0.04326923076923077 0.038461538461538464
5 0.27852564102564104 0.2498798076923077 0.016346153846153847 0.02548076923076923
5 0.5419871794871794 0.6264423076923077 0.07403846153846154 0.057451923076923074
5 0.8203525641025641 0.5173076923076924 0.1919871794871795 0.09158653846153846
5 0.7357371794871795 0.4894230769230769 0.13205128205128205 0.09783653846153846
5 0.3219551282051282 0.315625 0.025961538461538463 0.02980769230769231
5 0.2280448717948718 0.49795673076923075 0.027564102564102563 0.021634615384615384
3 0.26474358974358975 0.4777644230769231 0.023397435897435898 0.021153846153846155
4 0.3421474358974359 0.46802884615384616 0.023717948717948717 0.018990384615384614
5 0.8525641025641025 0.6605769230769231 0.040705128205128206 0.05360576923076923
5 0.930448717948718 0.5073317307692308 0.06057692307692308 0.07019230769230769
