5 0.969551282051282 0.29735576923076923 0.058333333333333334 0.07692307692307693
5 0.9435897435897436 0.39903846153846156 0.11121794871794871 0.07548076923076923
5 0.9424679487179487 0.48389423076923077 0.11346153846153846 0.07692307692307693
5 0.9288461538461539 0.5507211538461538 0.09775641025641026 0.057692307692307696
5 0.02419871794871795 0.5038461538461538 0.041346153846153845 0.031009615384615385
5 0.014903846153846155 0.5701923076923077 0.02980769230769231 0.025721153846153845
5 0.14022435897435898 0.9022836538461538 0.04903846153846154 0.03317307692307692
3 0.5354166666666667 0.7698317307692307 0.03205128205128205 0.02548076923076923
4 0.5041666666666667 0.7711538461538462 0.03333333333333333 0.025
5 0.5493589743589744 0.7235576923076923 0.03461538461538462 0.023317307692307693
5 0.19807692307692307 0.7629807692307692 0.032371794871794875 0.024278846153846154
5 0.22788461538461538 0.7665865384615385 0.03653846153846154 0.026201923076923078
5 0.2203525641025641 0.7413461538461539 0.032371794871794875 0.02283653846153846
