4 0.7189102564102564 0.3524038461538462 0.1951923076923077 0.12235576923076923
4 0.530448717948718 0.4997596153846154 0.14326923076923076 0.12884615384615383
4 0.6647435897435897 0.47584134615384616 0.1346153846153846 0.11923076923076924
3 0.48365384615384616 0.5860576923076923 0.06923076923076923 0.07091346153846154
3 0.5509615384615385 0.6050480769230769 0.12467948717948718 0.10793269230769231
3 0.6516025641025641 0.6263221153846154 0.1233974358974359 0.11971153846153847
5 0.7375 0.5830528846153846 0.15416666666666667 0.1266826923076923
5 0.5068910256410256 0.651201923076923 0.06217948717948718 0.05841346153846154
5 0.5668269230769231 0.6990384615384615 0.1032051282051282 0.10096153846153846
5 0.5232371794871795 0.7127403846153846 0.06570512820512821 0.09158653846153846
5 0.642948717948718 0.7253605769230769 0.11314102564102564 0.09879807692307692
5 0.7060897435897436 0.7581730769230769 0.06570512820512821 0.06634615384615385
5 0.7724358974358975 0.7012019230769231 0.14487179487179488 0.11225961538461539
5 0.809775641025641 0.7221153846153846 0.1125 0.10264423076923077
5 0.7490384615384615 0.8140625 0.057692307692307696 0.06802884615384615
5 0.7150641025641026 0.887860576923077 0.10705128205128205 0.10120192307692308
5 0.8706730769230769 0.8383413461538461 0.12692307692307692 0.09903846153846153
5 0.8924679487179488 0.9180288461538462 0.11826923076923077 0.11081730769230769
4 0.5533653846153846 0.9460336538461539 0.052564102564102565 0.04110576923076923
4 0.4894230769230769 0.9435096153846154 0.04807692307692308 0.04519230769230769
4 0.40048076923076925 0.8981971153846153 0.04358974358974359 0.04110576923076923
4 0.40048076923076925 0.9388221153846154 0.04038461538461539 0.04855769230769231
5 0.028044871794871796 0.4210336538461538 0.038141025641025644 0.03293269230769231
4 0.39326923076923076 0.4651442307692308 0.041987179487179484 0.037259615384615384
3 0.39166666666666666 0.49375 0.03685897435897436 0.031009615384615385
3 0.4322115384615385 0.49615384615384617 0.03397435897435897 0.03221153846153846
5 0.041346153846153845 0.47259615384615383 0.03205128205128205 0.029086538461538462
5 0.38044871794871793 0.5167067307692308 0.035897435897435895 0.03076923076923077
