3 0.6775641025641026 0.4408653846153846 0.12628205128205128 0.09903846153846153
5 0.48509615384615384 0.5204326923076923 0.10256410256410256 0.07908653846153846
3 0.3269230769230769 0.4598557692307692 0.08205128205128205 0.06033653846153846
3 0.7581730769230769 0.5967548076923077 0.15705128205128205 0.1
5 0.7892628205128205 0.6932692307692307 0.10416666666666667 0.0764423076923077
5 0.5197115384615385 0.6645432692307692 0.13557692307692307 0.11298076923076923
5 0.3642628205128205 0.6480769230769231 0.11826923076923077 0.09423076923076923
3 0.33253205128205127 0.5544471153846153 0.11057692307692307 0.08774038461538461
5 0.2830128205128205 0.5346153846153846 0.09775641025641026 0.07259615384615385
5 0.47660256410256413 0.8188701923076923 0.11121794871794871 0.08918269230769231
5 0.2798076923076923 0.80625 0.10673076923076923 0.07860576923076923
5 0.4565705128205128 0.7298076923076923 0.07564102564102564 0.059375
5 0.01746794871794872 0.29002403846153846 0.03365384615384615 0.06033653846153846
5 0.015705128205128205 0.37451923076923077 0.030448717948717948 0.051923076923076926
