5 0.40849358974358974 0.3764423076923077 0.11955128205128206 0.10216346153846154
3 0.4033653846153846 0.4798076923076923 0.16955128205128206 0.12884615384615383
3 0.6448717948717949 0.48425480769230766 0.2032051282051282 0.1283653846153846
5 0.46025641025641023 0.5217548076923076 0.11955128205128206 0.10168269230769231
5 0.38669871794871796 0.559735576923077 0.041987179487179484 0.03533653846153846
5 0.50625 0.5459134615384615 0.09615384615384616 0.08389423076923076
5 0.6344551282051282 0.5587740384615385 0.12179487179487179 0.04158653846153846
5 0.6091346153846153 0.6352163461538461 0.1596153846153846 0.11754807692307692
5 0.7057692307692308 0.6304086538461539 0.09326923076923077 0.09399038461538461
5 0.5950320512820513 0.7330528846153846 0.13173076923076923 0.09302884615384616
5 0.603525641025641 0.821875 0.11121794871794871 0.09086538461538461
4 0.3560897435897436 0.8715144230769231 0.055448717948717946 0.05360576923076923
4 0.4198717948717949 0.8204326923076923 0.03621794871794872 0.040625
5 0.6623397435897436 0.8509615384615384 0.08333333333333333 0.07115384615384615
5 0.7333333333333333 0.8057692307692308 0.09615384615384616 0.075
5 0.8751602564102564 0.9329326923076923 0.04775641025641025 0.054086538461538464
5 0.8836538461538461 0.9811298076923077 0.07275641025641026 0.03701923076923077
4 0.8081730769230769 0.8271634615384615 0.03974358974358974 0.04879807692307692
4 0.8073717948717949 0.6742788461538461 0.075 0.050721153846153846
3 0.7325320512820512 0.7384615384615385 0.05576923076923077 0.045432692307692306
5 0.4751602564102564 0.5848557692307692 0.052243589743589745 0.028846153846153848
