4 0.4099358974358974 0.01514423076923077 0.14455128205128207 0.030048076923076924
4 0.5966346153846154 0.1675480769230769 0.20096153846153847 0.15336538461538463
4 0.37916666666666665 0.24002403846153847 0.1955128205128205 0.14807692307692308
4 0.5200320512820513 0.3479567307692308 0.1548076923076923 0.12355769230769231
5 0.5222756410256411 0.46045673076923077 0.13846153846153847 0.11129807692307692
5 0.38285256410256413 0.4210336538461538 0.15320512820512822 0.11610576923076923
4 0.14375 0.6008413461538461 0.10032051282051282 0.075
4 0.07019230769230769 0.627764423076923 0.1125 0.07379807692307692
4 0.03878205128205128 0.6800480769230769 0.07756410256410257 0.08822115384615385
3 0.11650641025641026 0.75625 0.11987179487179488 0.08341346153846153
5 0.41602564102564105 0.6728365384615385 0.14038461538461539 0.10961538461538461
5 0.5392628205128205 0.7170673076923076 0.10961538461538461 0.08557692307692308
5 0.453525641025641 0.8022836538461539 0.10480769230769231 0.0875
