5 0.6443910256410257 0.45492788461538464 0.10448717948717949 0.07235576923076924
5 0.5259615384615385 0.4377403846153846 0.11057692307692307 0.08413461538461539
5 0.5049679487179487 0.5251201923076924 0.09775641025641026 0.06995192307692308
5 0.5905448717948718 0.584375 0.06602564102564103 0.051201923076923075
5 0.49246794871794874 0.5986778846153846 0.08493589743589744 0.06346153846153846
5 0.5889423076923077 0.6430288461538461 0.06987179487179487 0.05552884615384615
5 0.5102564102564102 0.6554086538461539 0.08461538461538462 0.06442307692307692
5 0.5232371794871795 0.7016826923076923 0.07083333333333333 0.04879807692307692
5 0.5748397435897435 0.6979567307692308 0.046794871794871795 0.04399038461538462
3 0.4689102564102564 0.7603365384615385 0.032371794871794875 0.02451923076923077
4 0.4387820512820513 0.7651442307692308 0.03205128205128205 0.024759615384615383
4 0.41362179487179485 0.8418269230769231 0.02564102564102564 0.019471153846153846
4 0.42788461538461536 0.8795673076923077 0.028846153846153848 0.01875
5 0.35144230769230766 0.7170673076923076 0.0342948717948718 0.026201923076923078
5 0.65625 0.6599759615384615 0.0266025641025641 0.020192307692307693
5 0.6342948717948718 0.68125 0.02403846153846154 0.01658653846153846
5 0.6219551282051282 0.6789663461538461 0.022435897435897436 0.01730769230769231
5 0.6184294871794872 0.6969951923076924 0.01987179487179487 0.016826923076923076
5 0.6610576923076923 0.6775240384615384 0.02532051282051282 0.017788461538461538
5 0.6722756410256411 0.6923076923076923 0.023717948717948717 0.017788461538461538
5 0.6790064102564103 0.7100961538461539 0.019230769230769232 0.015384615384615385
5 0.6501602564102564 0.7080528846153846 0.017948717948717947 0.012740384615384615
5 0.6674679487179487 0.7239182692307692 0.01891025641025641 0.014663461538461538
5 0.7339743589743589 0.7223557692307693 0.015064102564102564 0.013701923076923077
5 0.7030448717948717 0.7139423076923077 0.017948717948717947 0.012259615384615384
4 0.8299679487179488 0.8707932692307693 0.022115384615384617 0.01875
5 0.8051282051282052 0.8745192307692308 0.01826923076923077 0.014423076923076924
5 0.7836538461538461 0.7268028846153847 0.02435897435897436 0.01514423076923077
3 0.8607371794871795 0.8564903846153846 0.019230769230769232 0.014903846153846155
