5 0.24951923076923077 0.05721153846153846 0.19038461538461537 0.11442307692307692
5 0.08012820512820513 0.06935096153846154 0.13205128205128205 0.1310096153846154
5 0.659775641025641 0.07295673076923077 0.15384615384615385 0.14591346153846155
5 0.5238782051282052 0.17596153846153847 0.09967948717948719 0.09519230769230769
4 0.43477564102564104 0.24086538461538462 0.1717948717948718 0.1375
4 0.646474358974359 0.21971153846153846 0.19230769230769232 0.1449519230769231
4 0.6876602564102564 0.35108173076923077 0.16314102564102564 0.1423076923076923
5 0.4953525641025641 0.45324519230769234 0.12532051282051282 0.08389423076923076
3 0.5692307692307692 0.49963942307692305 0.17884615384615385 0.13701923076923078
5 0.6458333333333334 0.5210336538461539 0.1282051282051282 0.11177884615384616
4 0.7193910256410256 0.5622596153846153 0.07852564102564102 0.06586538461538462
4 0.6915064102564102 0.6105769230769231 0.06346153846153846 0.06201923076923077
5 0.5995192307692307 0.6149038461538462 0.14967948717948718 0.09951923076923076
4 0.7713141025641026 0.6479567307692308 0.09038461538461538 0.08173076923076923
4 0.69375 0.6574519230769231 0.12275641025641025 0.08245192307692308
5 0.548397435897436 0.6883413461538461 0.13557692307692307 0.10216346153846154
5 0.42964743589743587 0.6513221153846154 0.14423076923076922 0.12139423076923077
5 0.33125 0.7240384615384615 0.13974358974358975 0.10600961538461538
5 0.3121794871794872 0.7935096153846154 0.10384615384615385 0.06274038461538461
5 0.4155448717948718 0.7665865384615385 0.11378205128205128 0.08245192307692308
5 0.39471153846153845 0.8121394230769231 0.0875 0.051201923076923075
5 0.6089743589743589 0.7604567307692308 0.11474358974358974 0.09158653846153846
4 0.551923076923077 0.7938701923076923 0.0516025641025641 0.04375
5 0.5761217948717948 0.8139423076923077 0.046794871794871795 0.028365384615384615
5 0.6610576923076923 0.7524038461538461 0.0516025641025641 0.06826923076923076
5 0.6801282051282052 0.8361778846153847 0.08141025641025641 0.07355769230769231
4 0.6796474358974359 0.7419471153846153 0.030448717948717948 0.035576923076923075
4 0.7051282051282052 0.7907451923076924 0.057692307692307696 0.047596153846153844
5 0.7309294871794871 0.7241586538461539 0.0810897435897436 0.06346153846153846
4 0.775 0.7699519230769231 0.10096153846153846 0.078125
5 0.7746794871794872 0.8020432692307692 0.0919871794871795 0.036298076923076926
3 0.8217948717948718 0.9823317307692307 0.06666666666666667 0.03461538461538462
4 0.6344551282051282 0.42704326923076924 0.025961538461538463 0.03221153846153846
4 0.6905448717948718 0.4520432692307692 0.021153846153846155 0.03870192307692308
4 0.4440705128205128 0.41610576923076925 0.03653846153846154 0.025240384615384616
