3 0.39487179487179486 0.35865384615384616 0.12243589743589743 0.11274038461538462
5 0.566025641025641 0.40865384615384615 0.0955128205128205 0.08870192307692308
5 0.46474358974358976 0.48425480769230766 0.08846153846153847 0.08125
5 0.3596153846153846 0.3996394230769231 0.09743589743589744 0.07596153846153846
5 0.37403846153846154 0.43762019230769234 0.07403846153846154 0.052403846153846155
5 0.36746794871794874 0.48064903846153845 0.06987179487179487 0.05889423076923077
5 0.5165064102564103 0.5193509615384615 0.06474358974358975 0.061057692307692306
5 0.610897435897436 0.5354567307692307 0.14134615384615384 0.09639423076923077
5 0.7129807692307693 0.5229567307692308 0.10416666666666667 0.08581730769230769
5 0.7379807692307693 0.5737980769230769 0.1342948717948718 0.09038461538461538
5 0.6959935897435897 0.6390625 0.10576923076923077 0.07139423076923077
5 0.7190705128205128 0.6772836538461539 0.07275641025641026 0.04278846153846154
5 0.704647435897436 0.7871394230769231 0.10192307692307692 0.071875
5 0.7703525641025641 0.7051682692307693 0.08237179487179487 0.06682692307692308
5 0.8129807692307692 0.6348557692307693 0.10480769230769231 0.07860576923076923
5 0.46762820512820513 0.4453125 0.07852564102564102 0.03918269230769231
4 0.6903846153846154 0.4326923076923077 0.12916666666666668 0.08701923076923077
4 0.8099358974358974 0.45528846153846153 0.05416666666666667 0.04326923076923077
4 0.8959935897435898 0.4269230769230769 0.061217948717948716 0.04110576923076923
4 0.8631410256410257 0.4637019230769231 0.041025641025641026 0.04471153846153846
4 0.8347756410256411 0.4907451923076923 0.05 0.03870192307692308
5 0.941025641025641 0.17908653846153846 0.047115384615384615 0.04230769230769231
5 0.9580128205128206 0.22295673076923078 0.041346153846153845 0.03341346153846154
5 0.8671474358974359 0.17235576923076923 0.041987179487179484 0.03653846153846154
3 0.9762820512820513 0.14555288461538463 0.04551282051282051 0.051201923076923075
4 0.2842948717948718 0.3092548076923077 0.04006410256410257 0.03389423076923077
4 0.2625 0.28918269230769234 0.04391025641025641 0.03293269230769231
5 0.5966346153846154 0.6049278846153846 0.05064102564102564 0.03317307692307692
5 0.5846153846153846 0.5859375 0.06057692307692308 0.030048076923076924
