3 0.7378205128205129 0.10240384615384615 0.20865384615384616 0.16802884615384617
3 0.28733974358974357 0.1814903846153846 0.22756410256410256 0.1733173076923077
5 0.6056089743589743 0.40072115384615387 0.17243589743589743 0.14110576923076923
5 0.31875 0.575 0.16025641025641027 0.12980769230769232
5 0.2705128205128205 0.6308894230769231 0.14967948717948718 0.10096153846153846
5 0.42451923076923076 0.6122596153846154 0.12115384615384615 0.09519230769230769
5 0.2762820512820513 0.7050480769230769 0.1125 0.07740384615384616
5 0.41169871794871793 0.6987980769230769 0.11634615384615385 0.096875
5 0.5538461538461539 0.6304086538461539 0.14903846153846154 0.11394230769230769
5 0.6868589743589744 0.6007211538461539 0.13557692307692307 0.09302884615384616
5 0.704647435897436 0.6622596153846154 0.10480769230769231 0.06153846153846154
5 0.6349358974358974 0.7068509615384615 0.09711538461538462 0.0798076923076923
5 0.5668269230769231 0.7290865384615385 0.11121794871794871 0.08942307692307692
