3 0.6094551282051283 0.2032451923076923 0.2532051282051282 0.21370192307692307
3 0.24182692307692308 0.3532451923076923 0.3022435897435897 0.21923076923076923
5 0.3421474358974359 0.5443509615384615 0.22083333333333333 0.16634615384615384
5 0.5363782051282051 0.5127403846153846 0.17692307692307693 0.13701923076923078
5 0.4685897435897436 0.6598557692307693 0.18365384615384617 0.14086538461538461
5 0.5501602564102565 0.7622596153846154 0.04807692307692308 0.03485576923076923
5 0.6266025641025641 0.8473557692307693 0.10480769230769231 0.084375
5 0.5362179487179487 0.8454326923076924 0.09711538461538462 0.08653846153846154
5 0.6458333333333334 0.7865384615384615 0.08846153846153847 0.06995192307692308
4 0.9405448717948718 0.6157451923076923 0.04903846153846154 0.03293269230769231
4 0.9607371794871795 0.6288461538461538 0.028846153846153848 0.03413461538461538
4 0.930448717948718 0.6487980769230769 0.052243589743589745 0.021634615384615384
5 0.48173076923076924 0.7395432692307692 0.041987179487179484 0.024759615384615383
