3 0.5844551282051282 0.3390625 0.20096153846153847 0.15072115384615384
3 0.12083333333333333 0.40625 0.23942307692307693 0.1625
5 0.459775641025641 0.6256009615384616 0.1753205128205128 0.14639423076923078
5 0.1469551282051282 0.8111778846153846 0.1798076923076923 0.15408653846153847
5 0.12996794871794873 0.9295673076923077 0.1326923076923077 0.10168269230769231
5 0.0673076923076923 0.8584134615384615 0.07756410256410257 0.09399038461538461
5 0.2900641025641026 0.8336538461538462 0.1375 0.10649038461538461
5 0.2775641025641026 0.9332932692307693 0.12884615384615383 0.10913461538461539
5 0.4267628205128205 0.8563701923076923 0.1503205128205128 0.1326923076923077
5 0.5674679487179487 0.8270432692307692 0.14038461538461539 0.10961538461538461
5 0.5977564102564102 0.8881009615384615 0.1076923076923077 0.07548076923076923
5 0.5243589743589744 0.9348557692307692 0.10544871794871795 0.09230769230769231
5 0.4423076923076923 0.9557692307692308 0.12051282051282051 0.08774038461538461
