5 0.7174679487179487 0.2342548076923077 0.1548076923076923 0.16201923076923078
5 0.4235576923076923 0.37560096153846156 0.18333333333333332 0.17475961538461537
5 0.611698717948718 0.41838942307692306 0.14134615384615384 0.1362980769230769
5 0.3875 0.5341346153846154 0.16121794871794873 0.15625
5 0.5761217948717948 0.5985576923076923 0.12403846153846154 0.1201923076923077
5 0.4198717948717949 0.6485576923076923 0.13525641025641025 0.1233173076923077
5 0.5732371794871794 0.7044471153846154 0.09615384615384616 0.10048076923076923
5 0.4908653846153846 0.7659855769230769 0.0967948717948718 0.10913461538461539
5 0.42243589743589743 0.7162259615384615 0.1076923076923077 0.08028846153846154
5 0.5168269230769231 0.9263221153846154 0.05641025641025641 0.041826923076923074
5 0.6009615384615384 0.9573317307692307 0.052243589743589745 0.041826923076923074
5 0.5081730769230769 0.9653846153846154 0.05416666666666667 0.040625
5 0.5605769230769231 0.9806490384615385 0.05416666666666667 0.03798076923076923
