5 0.9064102564102564 0.013341346153846153 0.10416666666666667 0.025721153846153845
5 0.9363782051282051 0.028245192307692308 0.06506410256410257 0.05024038461538462
5 0.9692307692307692 0.043028846153846154 0.058653846153846154 0.08605769230769231
5 0.8841346153846154 0.08689903846153846 0.09262820512820513 0.075
5 0.8850961538461538 0.16514423076923077 0.0685897435897436 0.04807692307692308
5 0.9831730769230769 0.1639423076923077 0.03205128205128205 0.027403846153846154
5 0.9384615384615385 0.21177884615384615 0.0391025641025641 0.027884615384615386
5 0.8833333333333333 0.2282451923076923 0.04775641025641025 0.031971153846153844
5 0.9878205128205129 0.20877403846153847 0.022756410256410255 0.030528846153846153
5 0.9834935897435897 0.25685096153846154 0.029166666666666667 0.02716346153846154
3 0.5480769230769231 0.3015625 0.13525641025641025 0.10697115384615384
3 0.44519230769230766 0.3407451923076923 0.11955128205128206 0.09951923076923076
5 0.6445512820512821 0.36706730769230766 0.11987179487179488 0.08774038461538461
5 0.5115384615384615 0.4087740384615385 0.14134615384615384 0.11274038461538462
5 0.45384615384615384 0.4389423076923077 0.05993589743589744 0.06899038461538462
5 0.6041666666666666 0.4520432692307692 0.08782051282051281 0.0733173076923077
5 0.530448717948718 0.5175480769230769 0.14326923076923076 0.10576923076923077
4 0.3564102564102564 0.7192307692307692 0.11474358974358974 0.09038461538461538
3 0.465224358974359 0.7789663461538462 0.10961538461538461 0.10360576923076924
5 0.3346153846153846 0.8105769230769231 0.11698717948717949 0.09278846153846154
5 0.3748397435897436 0.8591346153846153 0.09391025641025641 0.08149038461538462
5 0.3767628205128205 0.911298076923077 0.0798076923076923 0.041826923076923074
5 0.3639423076923077 0.9483173076923077 0.10416666666666667 0.08822115384615385
5 0.4375 0.9705528846153846 0.08141025641025641 0.058173076923076925
