3 0.4344551282051282 0.3317307692307692 0.12564102564102564 0.09903846153846153
5 0.27692307692307694 0.33665865384615384 0.09487179487179487 0.061057692307692306
5 0.2794871794871795 0.5038461538461538 0.05352564102564102 0.03798076923076923
5 0.3967948717948718 0.5008413461538461 0.09615384615384616 0.07259615384615385
3 0.6525641025641026 0.5167067307692308 0.08685897435897436 0.03413461538461538
4 0.6440705128205129 0.5901442307692307 0.09903846153846153 0.05889423076923077
5 0.6266025641025641 0.6443509615384615 0.08365384615384615 0.058173076923076925
4 0.7125 0.8546875 0.0391025641025641 0.03413461538461538
5 0.6964743589743589 0.86875 0.03621794871794872 0.031490384615384615
5 0.30977564102564104 0.7887019230769231 0.029166666666666667 0.02716346153846154
5 0.3610576923076923 0.6828125 0.038461538461538464 0.025721153846153845
