5 0.49935897435897436 0.25685096153846154 0.1798076923076923 0.1528846153846154
5 0.8091346153846154 0.48954326923076924 0.1439102564102564 0.10384615384615385
5 0.6169871794871795 0.4355769230769231 0.14743589743589744 0.10793269230769231
5 0.3746794871794872 0.44459134615384616 0.17884615384615385 0.1389423076923077
5 0.38637820512820514 0.5546875 0.12884615384615383 0.09711538461538462
5 0.5290064102564103 0.5756009615384615 0.13333333333333333 0.10048076923076923
3 0.03701923076923077 0.6032451923076924 0.07403846153846154 0.08509615384615385
5 0.06987179487179487 0.6084134615384615 0.05929487179487179 0.06899038461538462
5 0.09006410256410256 0.6699519230769231 0.10192307692307692 0.07259615384615385
5 0.04375 0.7384615384615385 0.08621794871794872 0.0733173076923077
5 0.09407051282051282 0.7319711538461539 0.04006410256410257 0.057692307692307696
5 0.38349358974358977 0.6528846153846154 0.12756410256410255 0.09615384615384616
5 0.23926282051282052 0.6566105769230769 0.1141025641025641 0.08774038461538461
5 0.21810897435897436 0.7157451923076923 0.07051282051282051 0.04639423076923077
5 0.3251602564102564 0.7287259615384616 0.09038461538461538 0.07379807692307692
5 0.43701923076923077 0.73125 0.13205128205128205 0.10264423076923077
5 0.6216346153846154 0.6950721153846153 0.11698717948717949 0.08341346153846153
5 0.7147435897435898 0.7295673076923077 0.09391025641025641 0.07379807692307692
5 0.5564102564102564 0.768389423076923 0.09134615384615384 0.07115384615384615
5 0.6525641025641026 0.7966346153846153 0.0391025641025641 0.03413461538461538
