5 0.7035256410256411 0.027403846153846154 0.19006410256410255 0.054086538461538464
5 0.6623397435897436 0.19603365384615384 0.1766025641025641 0.146875
5 0.6706730769230769 0.28533653846153845 0.13365384615384615 0.06538461538461539
4 0.4913461538461538 0.3699519230769231 0.1189102564102564 0.09399038461538461
4 0.6259615384615385 0.38966346153846154 0.12980769230769232 0.10096153846153846
5 0.7065705128205129 0.41334134615384616 0.1282051282051282 0.09038461538461538
4 0.5176282051282052 0.4835336538461538 0.14743589743589744 0.10432692307692308
4 0.6780448717948718 0.47415865384615385 0.1451923076923077 0.07067307692307692
4 0.39823717948717946 0.5239182692307692 0.1342948717948718 0.10673076923076923
5 0.5785256410256411 0.5637019230769231 0.11987179487179488 0.09182692307692308
5 0.6764423076923077 0.5076923076923077 0.1362179487179487 0.08413461538461539
5 0.6522435897435898 0.5956730769230769 0.1141025641025641 0.08269230769230769
3 0.49743589743589745 0.6069711538461539 0.1346153846153846 0.10120192307692308
5 0.5639423076923077 0.6322115384615384 0.06955128205128205 0.05
3 0.43301282051282053 0.6181490384615385 0.0858974358974359 0.09375
5 0.5264423076923077 0.7028846153846153 0.11826923076923077 0.09735576923076923
5 0.4501602564102564 0.71875 0.09102564102564102 0.08221153846153846
4 0.3346153846153846 0.76875 0.09262820512820513 0.0733173076923077
4 0.4237179487179487 0.7782451923076923 0.08782051282051281 0.06899038461538462
5 0.5147435897435897 0.8043269230769231 0.12435897435897436 0.09302884615384616
5 0.42756410256410254 0.8479567307692307 0.10448717948717949 0.08389423076923076
4 0.3560897435897436 0.8295673076923077 0.09423076923076923 0.07860576923076923
5 0.2899038461538462 0.8639423076923077 0.05705128205128205 0.04639423076923077
5 0.2485576923076923 0.9008413461538461 0.06185897435897436 0.05216346153846154
5 0.04487179487179487 0.815264423076923 0.05032051282051282 0.03653846153846154
5 0.03733974358974359 0.8567307692307692 0.0375 0.03461538461538462
5 0.013621794871794872 0.8568509615384615 0.0266025641025641 0.03701923076923077
3 0.020833333333333332 0.7289663461538461 0.041666666666666664 0.04230769230769231
5 0.028525641025641025 0.7510817307692308 0.04358974358974359 0.036057692307692304
5 0.01266025641025641 0.7467548076923077 0.02532051282051282 0.04278846153846154
5 0.013782051282051282 0.6806490384615385 0.027564102564102563 0.05504807692307692
5 0.008493589743589743 0.8080528846153846 0.016987179487179486 0.03581730769230769
5 0.1453525641025641 0.10444711538461539 0.05737179487179487 0.051201923076923075
5 0.18269230769230768 0.1655048076923077 0.04807692307692308 0.03774038461538461
5 0.1918269230769231 0.11682692307692308 0.04935897435897436 0.04471153846153846
5 0.18445512820512822 0.20372596153846154 0.03141025641025641 0.023076923076923078
5 0.30625 0.1936298076923077 0.04423076923076923 0.03533653846153846
5 0.3504807692307692 0.18545673076923078 0.0483974358974359 0.036298076923076926
5 0.13862179487179488 0.028966346153846155 0.058333333333333334 0.05048076923076923
5 0.08717948717948718 0.02175480769230769 0.05 0.04350961538461538
5 0.3483974358974359 0.23521634615384615 0.038461538461538464 0.022115384615384617
5 0.14935897435897436 0.18533653846153847 0.022756410256410255 0.01658653846153846
