3 0.6283653846153846 0.41418269230769234 0.1560897435897436 0.14014423076923077
5 0.5001602564102564 0.4362980769230769 0.10256410256410256 0.06201923076923077
5 0.34326923076923077 0.35216346153846156 0.12403846153846154 0.115625
5 0.4841346153846154 0.4830528846153846 0.1310897435897436 0.1233173076923077
5 0.6911858974358974 0.5435096153846154 0.13044871794871796 0.12259615384615384
5 0.32900641025641025 0.4938701923076923 0.1141025641025641 0.10048076923076923
5 0.2948717948717949 0.5629807692307692 0.09615384615384616 0.09254807692307693
5 0.4469551282051282 0.5448317307692307 0.06923076923076923 0.07548076923076923
5 0.5193910256410257 0.5895432692307693 0.10961538461538461 0.11009615384615384
5 0.7040064102564103 0.6258413461538461 0.11634615384615385 0.09783653846153846
5 0.7142628205128205 0.6953125 0.08557692307692308 0.04807692307692308
5 0.6158653846153846 0.690264423076923 0.08557692307692308 0.08173076923076923
5 0.409775641025641 0.5963942307692308 0.07756410256410257 0.06514423076923077
5 0.40064102564102566 0.6493990384615385 0.06762820512820512 0.06899038461538462
5 0.26826923076923076 0.625 0.08685897435897436 0.07860576923076923
5 0.33365384615384613 0.6911057692307693 0.06987179487179487 0.07211538461538461
5 0.5282051282051282 0.8817307692307692 0.035576923076923075 0.035096153846153846
4 0.4982371794871795 0.8451923076923077 0.04262820512820513 0.03870192307692308
4 0.5333333333333333 0.8502403846153846 0.0391025641025641 0.03389423076923077
3 0.5548076923076923 0.8233173076923077 0.03685897435897436 0.03365384615384615
