4 0.538301282051282 0.17884615384615385 0.1987179487179487 0.16105769230769232
4 0.5825320512820513 0.3306490384615385 0.2403846153846154 0.18341346153846153
5 0.3814102564102564 0.6183894230769231 0.16987179487179488 0.1326923076923077
5 0.24919871794871795 0.6253605769230769 0.11314102564102564 0.09086538461538461
5 0.4011217948717949 0.7135817307692308 0.12243589743589743 0.08918269230769231
5 0.3564102564102564 0.7477163461538462 0.09326923076923077 0.06634615384615385
5 0.3439102564102564 0.8183894230769231 0.08205128205128205 0.06370192307692307
4 0.5322115384615385 0.6895432692307693 0.08141025641025641 0.06201923076923077
3 0.48157051282051283 0.7359375 0.06185897435897436 0.04807692307692308
5 0.5296474358974359 0.7703125 0.06378205128205128 0.051923076923076926
5 0.48205128205128206 0.8341346153846154 0.05897435897435897 0.04903846153846154
5 0.5302884615384615 0.8419471153846154 0.052243589743589745 0.04591346153846154
5 0.5349358974358974 0.8051682692307692 0.040705128205128206 0.026923076923076925
5 0.9144230769230769 0.7645432692307692 0.07467948717948718 0.05889423076923077
5 0.8875 0.7438701923076924 0.05576923076923077 0.04807692307692308
5 0.7514423076923077 0.7294471153846154 0.05929487179487179 0.04735576923076923
3 0.8408653846153846 0.6566105769230769 0.1064102564102564 0.07620192307692308
4 0.771474358974359 0.5502403846153846 0.09647435897435898 0.07620192307692308
5 0.7392628205128206 0.6491586538461539 0.07660256410256411 0.055288461538461536
3 0.7216346153846154 0.5943509615384616 0.08717948717948718 0.06009615384615385
5 0.8416666666666667 0.615625 0.08205128205128205 0.03413461538461538
