5 0.9224358974358975 0.17932692307692308 0.08621794871794872 0.058173076923076925
5 0.9520833333333333 0.2673076923076923 0.0875 0.06298076923076923
5 0.9788461538461538 0.32247596153846153 0.03974358974358974 0.05552884615384615
4 0.2676282051282051 0.19146634615384617 0.09487179487179487 0.08509615384615385
3 0.37596153846153846 0.23798076923076922 0.11025641025641025 0.09086538461538461
5 0.257051282051282 0.27415865384615384 0.10544871794871795 0.08173076923076923
5 0.2923076923076923 0.34146634615384613 0.08493589743589744 0.06538461538461539
5 0.28878205128205126 0.4032451923076923 0.08846153846153847 0.0625
5 0.34935897435897434 0.4520432692307692 0.07115384615384615 0.05504807692307692
5 0.2849358974358974 0.4675480769230769 0.07147435897435897 0.04855769230769231
5 0.34262820512820513 0.5001201923076923 0.05993589743589744 0.04447115384615385
5 0.3171474358974359 0.5149038461538461 0.041346153846153845 0.030528846153846153
5 0.979326923076923 0.6063701923076923 0.038461538461538464 0.030048076923076924
4 0.1294871794871795 0.6308894230769231 0.07564102564102564 0.053125
3 0.09711538461538462 0.6735576923076924 0.08333333333333333 0.061778846153846156
4 0.4514423076923077 0.6768028846153846 0.08493589743589744 0.061057692307692306
4 0.5203525641025641 0.7213942307692308 0.09935897435897435 0.08100961538461539
5 0.5983974358974359 0.8081730769230769 0.06506410256410257 0.05504807692307692
5 0.6652243589743589 0.8084134615384615 0.07051282051282051 0.05096153846153846
3 0.646474358974359 0.8399038461538462 0.07051282051282051 0.053125
4 0.5684294871794872 0.8459134615384616 0.08461538461538462 0.07235576923076924
