4 0.6216346153846154 0.38798076923076924 0.1762820512820513 0.13221153846153846
4 0.42243589743589743 0.41394230769230766 0.18814102564102564 0.140625
4 0.6618589743589743 0.5181490384615385 0.20897435897435898 0.15240384615384617
4 0.4533653846153846 0.5260817307692308 0.17756410256410257 0.10697115384615384
3 0.45865384615384613 0.6236778846153846 0.19038461538461537 0.14759615384615385
3 0.6344551282051282 0.6081730769230769 0.1519230769230769 0.10168269230769231
3 0.4740384615384615 0.7389423076923077 0.1596153846153846 0.11875
5 0.5966346153846154 0.7236778846153846 0.1310897435897436 0.10913461538461539
5 0.6576923076923077 0.7963942307692308 0.16698717948717948 0.12980769230769232
5 0.5775641025641025 0.8573317307692307 0.13974358974358975 0.1233173076923077
4 0.055288461538461536 0.08040865384615385 0.10961538461538461 0.125
4 0.055288461538461536 0.21201923076923077 0.10961538461538461 0.11057692307692307
