3 0.5982371794871795 0.5301682692307692 0.1519230769230769 0.12740384615384615
5 0.6224358974358974 0.6728365384615385 0.14102564102564102 0.10793269230769231
5 0.41746794871794873 0.6974759615384616 0.17243589743589743 0.11274038461538462
5 0.5908653846153846 0.7490384615384615 0.10673076923076923 0.075
5 0.43814102564102564 0.8067307692307693 0.13685897435897437 0.10480769230769231
4 0.2948717948717949 0.36935096153846153 0.05576923076923077 0.041346153846153845
4 0.18173076923076922 0.38317307692307695 0.060897435897435896 0.04326923076923077
5 0.18541666666666667 0.4316105769230769 0.05384615384615385 0.03894230769230769
5 0.30432692307692305 0.41875 0.052884615384615384 0.03894230769230769
5 0.3283653846153846 0.43004807692307695 0.0391025641025641 0.029086538461538462
5 0.022756410256410255 0.49375 0.04455128205128205 0.031490384615384615
5 0.06586538461538462 0.5159855769230769 0.038461538461538464 0.026442307692307692
5 0.04935897435897436 0.5412259615384616 0.04807692307692308 0.03461538461538462
