5 0.12467948717948718 0.1734375 0.06185897435897436 0.041826923076923074
5 0.023076923076923078 0.1657451923076923 0.046153846153846156 0.05625
5 0.03141025641025641 0.09411057692307692 0.06282051282051282 0.07115384615384615
4 0.4655448717948718 0.3548076923076923 0.21153846153846154 0.16201923076923078
4 0.635576923076923 0.44146634615384617 0.1798076923076923 0.13365384615384615
4 0.4126602564102564 0.4753605769230769 0.20096153846153847 0.14375
4 0.5806089743589744 0.559735576923077 0.183974358974359 0.14110576923076923
3 0.4049679487179487 0.6103365384615385 0.21153846153846154 0.14879807692307692
3 0.44487179487179485 0.7691105769230769 0.19583333333333333 0.15649038461538461
3 0.06266025641025641 0.9177884615384615 0.12532051282051282 0.10528846153846154
5 0.07532051282051282 0.9776442307692308 0.10897435897435898 0.04399038461538462
3 0.020032051282051284 0.8674278846153847 0.04006410256410257 0.08725961538461538
