5 0.3799679487179487 0.28521634615384617 0.12532051282051282 0.11538461538461539
3 0.5841346153846154 0.32776442307692305 0.14455128205128207 0.14278846153846153
5 0.5240384615384616 0.3747596153846154 0.06506410256410257 0.052403846153846155
4 0.36346153846153845 0.41622596153846153 0.16987179487179488 0.15360576923076924
5 0.5121794871794871 0.3931490384615385 0.08685897435897436 0.08389423076923076
4 0.569551282051282 0.47704326923076923 0.25608974358974357 0.16370192307692308
3 0.5197115384615385 0.6274038461538461 0.20096153846153847 0.14278846153846153
5 0.6623397435897436 0.6036057692307693 0.11121794871794871 0.10480769230769231
5 0.5738782051282051 0.7549278846153846 0.1762820512820513 0.12548076923076923
5 0.5517628205128206 0.8538461538461538 0.13685897435897437 0.09711538461538462
5 0.558974358974359 0.9316105769230769 0.11057692307692307 0.07764423076923077
5 0.5793269230769231 0.9798076923076923 0.0967948717948718 0.039663461538461536
5 0.7439102564102564 0.9461538461538461 0.10064102564102564 0.09134615384615384
